19.1302474698681
30.1916326521446
27.6612434627627
24.5232734103699
32.1146988457815
31.4725441749519
14.4963915448812
18.1677645660224
25.5588908372655
15.7969331074129
21.632410714658
17.5937515453551
23.9725462444831
20.9940282604196
23.0607478220743
21.8559493366495
31.524676908716
19.5126644879099
12.6152930794582
16.5001581386155
22.4891717473733
19.0211483561201
18.9407332543873
23.845238917665
21.6218666221769
17.3281632148784
19.6666864372166
21.5491730006406
33.7645285787759
39.4904485428893
34.6591061741785
42.6584427293096
47.0541679525465
21.4897950700121
35.5931054575394
50.6784491669736
48.0358364435155
49.8922772876067
55.4452407008051
52.9343555448863
20.4524145337332
20.8166575153487
15.4839707208835
23.3425367472283
19.5194238700033
19.8139554902297
18.6747222136574
37.8263019775817
16.7855348115584
28.8488001683001
25.8521974080119
31.2829844787701
48.0678570212869
22.3362960352514
17.3531568569061
14.9852175602091
17.9399992467757
17.8791906776639
19.408719648601
22.0727124784139
13.7558218624051
39.6039423249204
25.0399915010022
23.1432537528163
52.7723232835719
24.5279994485311
20.2172546880056
50.6883451366819
23.35192837494
20.0027646609094
24.2737763661304
23.3035824322844
21.5385210119038
40.7375244161154
25.6875324876277
40.634843557966
34.1323627368876
45.9489143024404
30.5977924435454
31.5686505693806
0 0 0 0 0 0 0 0 0 0 0 0 0 0 0 0 0 0 0 0 0 0 0 0 0 -1.12168643514018 0 0 -3.0284391931468 0 0 0 0.735335121790371 0 0.0264208523788406 -17.1983972115701 7.15174000280782 -1.33258637271669 4.97576543582336 -4.01229137822713
0 0 0 0 0 0 0 0 0 0 0 0 0 0 0 0 0 0 0 0 0 -10.3441998155186 0 0 -5.27755503180099 0 0 -7.33565513585741 0.102538291612218 2.29712646103959 0.0410138572589069 4.16057225875135 1.85510195613149 -12.1161269655999 2.59885629737311 4.39387133312447 0 0 0 -0.485672763425342
0 0 0 0 0 0 0 0 0 0 0 0 0 0 0 0 0 0 0 0 0 0 0 0 -10.7224850918881 0 0 -11.1587911724055 6.61558115621347 0.83287315165129 1.18611531797354 3.24940715263387 1.29642978540934 0 1.07068202985248 1.16361914219724 1.3668066050911 -3.44755698469174 0 -1.03486659363854
0 0 0 0 0 0 0 0 0 0 0 0 0 0 0 0 0 0 0 0 0 0 0 0 0 -3.06744273192033 0 0 -5.38904249986293 -0.627197418823616 -6.0210442811375 -5.33633614149899 0 10.2840406175864 6.44870255984362 -0.187864030775995 0 -2.99701700884665 6.82678465611088 -0.680338211191263
0 0 0 0 0 0 0 0 0 0 0 0 0 0 0 0 0 0 0 0 0 0 0 0 -6.33924135983843 0 0 -3.25547852038263 7.57437068177805 0.132530893732946 2.85239381717583 3.88149347216041 1.31903003819286 1.91913144588425 0 -6.49707484455496 8.00808646114529 -8.76388536430184 0 -1.09140581663739
0 0 0 0 0 0 0 0 0 0 0 0 0 0 0 0 0 0 0 0 0 -0.167857468716659 0 0 -6.6574562566333 0 0 -6.43122713199015 9.74584056026159 3.02420084773035 0.363097046208075 3.48984808482005 2.5695908981683 -2.38897452115193 0 -5.58658954299728 7.96468725513647 0 -1.09744409335595 -1.79968595801152
0 0 0 0 0 0 0 0 0 0 0 0 0 0 0 0 0 0 0 0 0 0 0 0 0.28112452447017 0 0 0.77686577588411 -0.24155690948744 -0.655341004927933 0 0.41818653374444 0 0 0 -18.4630618691326 6.5702182041475 3.00556325043736 0 -2.75919568630695
0 0 0 0 0 0 0 0 0 0 0 0 0 0 0 0 0 0 0 0 0 3.99981576189955 0 0 12.7181336366165 0 0 11.6547548719237 -4.73942917875184 0 -3.91068494625493 0 0 4.73279814278168 -2.27821202245024 0 0 9.19756149351344 -1.13127577670399 -1.63140071270824
0 0 0 0 0 0 0 0 0 0 0 0 0 0 0 0 0 0 0 0 0 -3.25117137899529 -3.30299772177263 0 -8.72117476426401 0.133661973484499 0 -5.9493727581945 3.0351820296264 0.0998404197154439 0 0 0 0 0 11.4019717833173 -6.44905281945385 0 0 0
0 0 0 0 0 0 0 0 0 0 0 0 0 0 0 0 0 0 0 0 0 2.41548129537709 0 0 7.22605014481756 0 0 8.99094687092592 -3.70785209453328 0 -2.46349579691974 -3.59966211792171 0 3.38232802691017 -0.629350267870026 -6.24958658943116 0 2.45260176932072 3.52837830168561 0
0 0 0 0 0 0 0 0 0 0 0 0 0 0 0 0 0 0 0 0 0 2.30445767038548 0.104511765523072 0 0.152984726805603 0 0 0.663178875784183 0 -0.00899972354617569 0 0 0 0.676914119897646 0 -25.9080818964983 10.9001017827593 1.03118261610879 -5.73419494536127 0
0 0 0 0 0 0 0 0 0 0 0 0 0 0 0 0 0 0 0 0 0 4.84405399978418 0 0 7.11745777970419 0 0 8.51723777211709 -2.36069380790663 -0.00454005338091288 -0.570646802967925 -2.26233259256865 -0.228741672671605 5.64829876163313 -1.40989806526098 0.970342233951646 -7.34226335786099 6.99875478870122 -0.0769390753224685 -0.524535260293636
0 0 0 0 0 0 0 0 0 0 0 0 0 0 0 0 0 0 0 0 0 8.04825751186326 0 0 12.1289265093032 0 0 13.473664443906 -0.332452045380232 -3.09656706212935 -0.104293932855345 -4.39197318626932 -6.19763624555348 8.40597947259177 -0.96890331122186 0 -4.4957801845199 7.03930728052447 -3.35666207965176 0
0 0 0 0 0 0 0 0 0 0 0 0 0 0 0 0 0 0 0 0 0 0.450689808344916 0 0.919361508573179 0 -1.41713561579551 -2.02796481030165 0 -0.110670871355076 -0.98672450502271 0 -0.00158654431823951 -1.16111966834227 5.69559485639694 0 10.1349892691991 -9.89502800302535 -3.57348767128851 0 6.95597116370748
0 0 0 0 0 0 0 0 0 0 0 0 0 0 0 0 0 0 0 0 0 -1.80531899452815 0 0 -4.85506673504316 0 0 -3.72654302464765 0 0.00487352336674786 0.947824814927129 0.532184795122909 0.639090365071039 -4.03635990613641 0 15.6168332286573 -4.88010560590626 1.32689339749334 0 -2.04281028808031
0 0 0 0 0 0 0 0 0 0 0 0 0 0 0 0 0 0 0 0 0 -0.844209089104842 0 0 -8.27929248269163 0 0 -6.35865383545618 1.24497450046678 0 1.97111627649435 0 0 -2.09679328204428 0 11.6248095849111 -4.01122149200959 0 0 -0.410096353679837
0 0 0 0 0 0 0 0 0 0 0 0 0 0 0 0 0 0 0 0 0 0 -3.08372812973042 -2.87244208449662 8.44673111117917 9.97712936581599 3.70844365475511 -8.74453777887312 0 0 0 -0.0283171322734324 -1.97000233961086 0 -4.1224903936654 3.90634162176748 -0.943797649434879 -0.998853296011497 -0.661861597877685 0
0 0 0 0 0 0 0 0 0 0 0 0 0 0 0 0 0 0 0 0 0 -3.37212950614619 0 0 0 0 0 -0.467447624915005 0 0 2.10911154254356 1.1412449543163 0.444921445610784 -8.70288828402406 0 10.3063618267058 -2.91140700799844 -2.04860847680847 3.29036185357578 2.59737264292947
0 0 0 0 0 0 0 0 0 0 0 0 0 0 0 0 0 0 0 0 0 2.38070695006585 1.30437498311855 0 2.44580180837516 0 0 4.82864828312755 -3.79223372920722 0 0 -2.40178935943407 0 0 -2.16616892026373 -5.74910948425366 2.41705321805597 -0.181674990093772 3.0082981417677 -1.34815286029598
0 0 0 0 0 0 0 0 0 0 0 0 0 0 0 0 0 0 0 0 0 0 0 0 0 -0.238603389007176 0.486480096417637 1.32088823072465 -3.77919192604421 0 0 -0.0109457895467312 0.0410420378724952 0 -0.874481869073134 6.19307124781518 0.651659213874051 -8.85541898924027 -7.51528212671216 8.60580570070167
0 0 0 0 0 0 0 0 0 0 0 0 0 0 0 0 0 0 0 0 0 0 0 -0.836058786972553 -9.18681712312637 0.140991107940001 0 -5.20316607507923 3.75228978662336 0 2.59875424151452 0 0 0 -1.63939677584487 10.0881051571665 -1.47736960841002 0.398278021455407 -0.912345963011731 -0.01142096263387
0 -6.8917165037932 0 0 0 -0.633268067983173 0 2.23915578507796 -0.0723421313605274 0.602881208672024 0 2.50359584537973 12.0921750628479 0.00097842126823839 0 0 0 -0.295453798893031 0 0 0 0 0 0 0 0 0 0 0 0 0 0 0 0 0 7.16462200429981 1.69798070980771 16.9398613815254 0 -7.49105976013164
0 0.722932735657798 0.0383095163206616 0 1.9027964417431 0 0 0 -2.26070183755143 0 0 0.0202098718274978 3.72802473585859 0.00443526543718856 0 0 -4.70015978346645 0 0.071802065122676 0 0 0 0 0 0 0 0 0 0 0 0 0 0 0 0 -2.40577453822564 6.53020542031525 13.6219398676413 -2.65522289136808 -5.31820978485382
0 0.694395317919352 0 0 0 0 0 0.939897873852217 0 0.715140218440049 0 0 0 1.61044389642212 0 0 -3.47882698659251 0 0 0 -0.000970429648405315 0 0 0 0 0 0 0 0 0 0 0 0 0 0 -3.75949441015374 4.11867047274265 15.686200067533 -9.69613840923644 -6.28831458794077
0 -1.12400358449156 -1.08015484908537 0 -3.30859413782268 -3.53818449819894 0 7.83110576254794 0 1.81766336156776 0 2.17264507794332 13.1985506956355 0 0 0 1.60096418578631 0 0 0 0 0 0 0 0 0 0 0 0 0 0 0 0 0 0 8.29451838621788 2.82120816540601 15.4352899985706 -7.68391610685272 -4.48739109562232
-2.69184001868656 0 0 -7.90568204417888 0 0 0 0 0.283528757793026 0 0 0 0 -4.53339740314379 0 0 11.41487831323 0 0 -0.851995470553522 0 0 0 0 0 0 0 0 0 0 0 0 0 0 0 9.74621808731497 -1.3191098469839 -3.0879302919638 0 -0.0215824295610414
0 0 0 -5.04507538646501 0 0 0 1.91614148990638 0 0 0 0 0 -6.25601113843345 0 0 7.13356944491915 0 0 2.37953991447899 0 0 0 0 0 0 0 0 0 0 0 0 0 0 0 3.83898998158263 1.67955256815985 -7.51885352022726 -4.11620768104945 0
0 -1.74092929504338 -1.19145682921074 0 -1.11842969089559 -3.27950610150277 0 6.88989181416978 0 2.68528142068248 0 3.32260428216043 14.6386261774687 0 0 0 -2.76810707188184 0 0 0 0 0 0 0 0 0 0 0 0 0 0 0 0 0 0 10.5662329614946 0 15.4305729318589 -6.80785370437914 -1.79802585657408
0 0.349731930298797 2.35206907323221 -5.16207376748132 5.40259540016075 7.75707780338932 0 -6.78969679573963 0.663321267176126 -3.04692292124541 0 -2.44980787499824 -3.49149886364262 0 0 0 0 0 0 0 0 0 0 0 0 0 0 0 0 0 0 0 0 0 0 5.59499300610967 -2.93033869747203 -6.57604059860267 3.13380416754069 1.41648478662649
0 5.90741403726608 0.501365095632043 -3.3127146346223 1.85009106431133 5.11046016261518 0 0 0 0 0 -1.08581522142299 -13.2437083592629 -1.95395812810511 0 0 -0.18989306579804 0 0 0 0 0 0 0 0 0 0 0 0 0 0 0 0 0 0 -4.58280743071271 0 -11.3687373140401 -5.05332011599029 5.33292857401966
0 0.804813057556795 0.0576190616872916 -4.77883368339874 1.88934151378636 0.909960098605306 0 -5.71079655565313 0 -1.64997184464622 0 -0.809510352145146 -2.80269696889251 0 0.0159023993902093 0.023273662936177 0 0.699586005447025 0 0 0 0 0 0 0 0 0 0 0 0 0 0 0 0 0 0 -7.62486488702532 -14.4517579964446 8.25893513497136 8.44501931772273
0 5.00800584321819 0.380275072657115 -4.57428648516504 2.73837503862397 2.8974949925258 0 0 0 -2.69682820376852 0 -2.5754610099355 -11.6914019670069 0 0 0 0 0.0416149567692532 0 0 0 0 0 0 0 0 0 0 0 0 0 0 0 0 0 -7.04722326662762 -4.98029582646947 -8.11926715605435 7.1385729046899 6.07292243808247
0 4.50228314554811 0.115813860005227 0 2.11287312060281 3.66779161163243 0 0 0 0 0 -0.647027610114917 -15.0776886357268 -0.61587084606675 0.0071625008988434 0 -1.62847306050052 0.0136301119044805 0 0 0 0 0 0 0 0 0 0 0 0 0 0 0 0 0 -13.1405842377072 -4.349493801931 -13.8678672120329 0 8.84612920977821
0 -6.89520684556015 0 6.86755030792998 0 -1.82549540970022 0 0.939654247758032 0 0.0219131130729917 0 1.11769506943435 10.4901637961674 1.92765697086067 0 0 0 -1.46173116516878 0 0 0 0 0 0 0 0 0 0 0 0 0 0 0 0 0 10.196871981587 0 12.6593250282587 2.36273308101378 -5.46132246961542
0 3.01900478880292 0.0595062045135088 5.82850048809597 0 0 0 -3.05929749249792 0 -0.23675915645802 0 -1.16623278987379 -4.2991264475496 0 0 0 -1.12344498976457 0 0 0 0 0 0 0 0 0 0 0 0 0 0 0 0 0 0 -11.7132197633468 1.99169983261939 -15.6445959980362 9.87405644535174 3.26519354825662
-1.44225344804058 1.28405719105867 0.0392896324406229 -0.721896711097826 -1.05344419002645 -1.29774867594594 0 1.16256585925904 0 -0.412913769314501 -11.9439738077263 1.20830686606538 0 1.56424775475577 0.591387172248141 0 0.468042767957502 0.000397602938101641 0 0 0 0.520627443635624 0 0 1.92021406263062 0 0 3.16742254013475 0.948396204478047 -0.0633740400080274 0 -0.561764550494804 -1.09049291978612 2.36489728232052 -3.56527785961261 0 46.7474658270827 5.62567946567752 -1.04058155453649 -0.50657352566697
0.547179167097145 -1.09277357628903 0.103728661749147 0 1.09777600284871 1.37620873482456 0 -0.530664387551167 0 0 5.68054390561548 -1.67908463917098 -4.99583175046996 -2.18224522531171 0 0 -0.4509010698171 -0.00222117855023177 0 0 0 0.251379701662125 0 0 1.48955760451875 0 0 1.18360262754891 -1.02114922104232 0 -1.79416647306711 -0.662388838651687 -0.183345341376999 -0.232518288269925 1.3762262576518 50.2257581838032 0 2.95738197405148 1.05156636946363 0
0 0 -0.0688182262649381 -1.353452539327 -0.385554518116014 -0.0662548446873183 0 2.42497332016109 0 0.115310502004664 0 0.983687114953867 5.66566534619013 -0.591832205597069 6.77622260344705e-05 0 -0.207693461977896 -0.0549839805376068 0 -1.68219948754786e-05 0 5.8637136588645 0 1.16914125283981 7.63404308439654 0 0 7.3010387527967 -1.0135068257609 -0.0408174504134955 -4.66167986733273 -1.45306873325252 -1.71688142547776 3.8600538467726 -6.54003589997013 3.82493632162341 0.00010532777699623 0 19.4219292493653 19.4219292493653
0.270828297887613 0 0 2.44644429337854 0 -0.705568130538063 0 -1.87234410245046 0 0.542405412278674 0 -0.677954836554281 -5.19075755840537 0 0 0 -0.192601882899437 0.0231794520113654 0 -3.74436235604236e-05 0 0 0 -0.23811264944897 -5.73284081189971 0 0 -5.24799839678363 0.930387341541416 -0.101467805415172 2.32468160703898 0.900516783185122 0 1.91444031841227 5.27736897461187 -3.77587318350389 0.0196028295219127 23.8288105164801 0 23.8288105164801
0 -0.816893452138618 -0.0001838913938593 -0.705975809897129 -0.0316084209332275 -0.438127908829951 0 -1.68521815644352 0 -0.0811872837991514 0 -0.757250099588428 -3.22994462729908 1.05397125326521 -6.97797190099931e-05 0 0 0.0528147275819876 0 1.16486684964404 0 -3.95074835965074 0 0 -3.48407920585305 0 0 -2.52749570041688 0.856428622245168 0.128815181235474 2.88468861984301 0.903779522091161 2.21150402360193 -4.39603638951301 1.4459987102663 -3.13227784970692 0 24.281520834655 24.281520834655 0
