11.7850340032359
19.1794274076813
18.3398997201218
13.7301161816827
22.3895579225668
20.6997879163875
8.73514360058201
9.8809237151676
17.8418155083406
8.53253843072732
14.256783073253
9.47887296403234
13.1516960043414
11.8309006159725
15.3136440875937
15.1254612023435
21.6636289855504
11.4443385458162
5.57508875116443
9.69482183592501
15.3544026545282
11.6198566316941
10.3970966463517
14.2272316669152
12.4341456873888
9.2708731717216
11.5036262210993
12.4226852328711
21.3768484964531
28.4661393023488
23.0347559607414
30.3627456225277
35.7092734587389
12.615743264682
24.0211143437282
21.1169814285623
16.5934165359746
20.2809616784738
23.6044163667562
19.4321899768173
13.1080714781746
9.80532268196494
6.16349738932372
12.5559532299425
9.77968229327686
9.03280677301383
12.9143446804302
29.5403315377903
9.0693298937129
21.5852759026816
18.4774401776789
23.168976308514
37.2478771922065
13.1740388018778
9.60692353350299
8.25559983698113
8.07982173469193
9.81173514664543
12.3693857313778
15.2682465867947
6.62192318063916
32.2034816540709
16.4939599582781
13.5230700333162
43.5854334023562
16.4715404589555
12.0550255254723
41.5599066843374
10.9650793462053
8.97928647396048
12.6502572062814
11.0087163790938
10.1944575716898
31.8643036643621
14.1163724274045
27.2356960440801
18.8509543107231
33.2102592660976
15.6272363432751
14.938163172463
0 0 0 0 0 0 0 0 0 0 0 0 0 0 0 0 0 0 0 0 0 0 0 0 0 -1.25345716170201 0 0 -0.270205697537011 0 0 0 0 0 0 -3.68452393033574 1.67593789054485 0 0.47677535491772 -0.148876681141763
0 0 0 0 0 0 0 0 0 0 0 0 0 0 0 0 0 0 0 0 0 -3.68759343951421 0 0 -0.0144435331793302 0 0 -1.02682240379764 0 1.24372533670273 0 1.05682331449674 0.73297877844256 -3.22828916380784 0.409074114798688 0.139975270144185 -0.139710729430524 0 0 -0.00967816401583479
0 0 0 0 0 0 0 0 0 0 0 0 0 0 0 0 0 0 0 0 0 0 0 0 -0.0160710438324944 0 0 -0.0511296346168216 0.386889979994462 0 0 0 0 0 0 0 0 0 0 0
0 0 0 0 0 0 0 0 0 0 0 0 0 0 0 0 0 0 0 0 0 0 0 0 0 -4.65810735626807 -1.36077228072759 0 -4.1047888198661 -2.44001020139929 -3.12185183550555 -3.76441517714205 0 3.49198181258644 1.52008843041315 -0.17501600695412 0 -0.464073412795658 1.69891732014261 -0.156355525023655
0 0 0 0 0 0 0 0 0 0 0 0 0 0 0 0 0 0 0 0 0 0 0.446211086000086 0 -0.43230808586497 0 0 0 3.76175063628687 0.835714933591039 0.756598633341262 1.09806837880574 0.583206431637349 0 0 -0.896129504840985 1.5577282537701 -0.058682066949888 0 0
0 0 0 0 0 0 0 0 0 0 0 0 0 0 0 0 0 0 0 0 0 0 0 0 -0.788787526824161 0 0 -0.746312130506301 4.3193840868579 2.35621434516502 0.0145539353595104 0.524155683564323 0.833012301356635 0 0 -0.578563407212221 1.0352924230672 0 -0.0474584295768809 -0.000755510059730191
0 0 0 0 0 0 0 0 0 0 0 0 0 0 0 0 0 0 0 0 0 0 0 0 0 0 0 0 0 0 0 0 0 0 0 -2.52074409742926 0.446211053759002 0 0 0
0 0 0 0 0 0 0 0 0 0 0 0 0 0 0 0 0 0 0 0 0 1.07297501803745 0 0.010783687567947 5.32698899274368 0 0.348421827748354 4.57781331685958 -2.06207551969645 0 -1.62641874103874 0 0 0.579042983273698 -0.563102500378295 0.278293456780029 0 0.775196650462421 -0.582639370872918 -0.554124574083128
0 0 0 0 0 0 0 0 0 0 0 0 0 0 0 0 0 0 0 0 0 0 -1.74756865498073 0 -1.34752299981184 0 0 -0.0865782846045055 0 0 0 0 0 0 0 0.9831502632912 -1.23300470829048 0 0 0
0 0 0 0 0 0 0 0 0 0 0 0 0 0 0 0 0 0 0 0 0 0.0456312327522534 0 0 0.431173525336562 0 0 0.90450106718488 -0.419759624376401 0 -0.129110015333565 -0.20884905826374 0 0 0 -0.0307165014013787 0 0 0.0405928752861927 0
0 0 0 0 0 0 0 0 0 0 0 0 0 0 0 0 0 0 0 0 0 0 0 0 0 0 0 0 0 0 0 0 0 0 0 -15.2362887067834 7.0721734062051 0 -1.51714434209067 0
0 0 0 0 0 0 0 0 0 0 0 0 0 0 0 0 0 0 0 0 0 1.19828936810275 0 0 0.714811966658469 0 0 1.7167989056657 -0.2604140056921 0 0 -0.260631951336561 0 0.704525647204004 -0.0683889447714999 0.276328559119967 -1.31743147767295 0.0453880833656104 0 -0.040785206154188
0 0 0 0 0 0 0 0 0 0 0 0 0 0 0 0 0 0 0 0 0 7.62428979514618 0.31394183160516 0 8.3918534517633 0 0 9.47088133434164 -0.576484310154886 -6.54519633286818 -0.633695232593763 -5.52245713736361 -7.78662167545948 6.86878656710878 -1.22062805455819 0 -3.94423482353021 2.73147887007935 -3.0998427492292 -1.61452329625002
0 0 0 0 0 0 0 0 0 0 0 0 0 0 0 0 0 0 0 0 0 0 0 0 0 -2.28087952341492 -2.7735299615335 0 0 -1.58273772555721 0 0 -0.447275834610293 0.345067667571985 0 2.25739508849056 -3.60596582512946 -0.144217267221831 0 1.2077859356497
0 0 0 0 0 0 0 0 0 0 0 0 0 0 0 0 0 0 0 0 0 0 0 0 -0.0983550944966356 0 0 0 0 0 0 0 0 -0.0117700814496877 0 2.3439699204072 -0.836599663697288 0 0 0
0 0 0 0 0 0 0 0 0 0 0 0 0 0 0 0 0 0 0 0 0 0 0 0 -0.468913269019504 0 0 0 0 0 0 0 0 0 0 0.148803479294306 -0.173253301514039 0 0 0
0 0 0 0 0 0 0 0 0 0 0 0 0 0 0 0 0 0 0 0 0 0 -0.890548842924906 -0.826466634541388 0.216598865520948 5.44732498604236 2.45777076371029 -1.09687755527103 0 0 0 0 -0.0316806961050793 0 -0.356933393653857 0.051351418462148 -0.0686574129817456 0 0 0
0 0 0 0 0 0 0 0 0 0 0 0 0 0 0 0 0 0 0 0 0 -0.0618274738535327 0 0 0 0 0 0 0 0 0 0 0 -1.01881395130267 0 0.121532551369225 -0.139759555155249 0 0 0
0 0 0 0 0 0 0 0 0 0 0 0 0 0 0 0 0 0 0 0 0 0 0 0 0 0 0 0 0 0 0 0 0 0 0 0 0 0 0 0
0 0 0 0 0 0 0 0 0 0 0 0 0 0 0 0 0 0 0 0 0 0 0 0 0 0 0.142413567440311 0 0 0 0 0 0 0 0 0 0 -0.111154374773593 -0.418981769020645 1.63902301688509
0 0 0 0 0 0 0 0 0 0 0 0 0 0 0 0 0 0 0 0 0 0 0 0 0 0 0 0 0 0 0 0 0 0 0 0 0 0 0 0
0 -5.94531504186123 0 0 0 0 0 3.15474269702352 -1.3306941172437 1.53867858398488 0.598636696491528 3.54832631574139 5.54359190486248 0 -0.61755217752272 -0.081410343211755 0 -1.41707601457115 1.58888125732664 0 0 0 0 0 0 0 0 0 0 0 0 0 0 0 0 0.215392502626655 0.00585304242109378 6.45931866373786 0 -4.0709531166411
0 0 0 0 0 0 0 0 -2.83717215749689 0 0 0 0 0 0 0 -1.87898210867273 0 0.217852065284519 0 0 0 0 0 0 0 0 0 0 0 0 0 0 0 0 0 0.360446772025877 0.675233899201879 -0.0268935598439328 -0.367996476182929
0 0 0 0 0 0 0 0 0 0 0 0 0 0 0 0 -1.45771387303549 0 0 0 -0.727741900796368 0 0 0 0 0 0 0 0 0 0 0 0 0 0 -0.32683758582113 0.571209899592675 3.33402375686092 -3.06672745002152 -1.62345574265924
0 -2.99598104781939 -6.56171221887321 0 -1.06296135300121 -2.11539753458196 0 8.38567258967161 -5.28303278538563 3.9385365449048 0 4.04176483223896 7.28807147942143 0 -3.19953059215699 -5.39193705040451 4.31426680333318 0 0.622905926930158 0 -5.57262122461775 0 0 0 0 0 0 0 0 0 0 0 0 0 0 1.08928375699619 0.998713042850892 6.89243329941906 -5.248052441712 -2.95147747408199
-0.563652545967822 0 0 -1.95387326364493 0 0 0 0 0 0 0 0 0 -0.7880495237521 0 0 6.68682663313461 0 0 0 0 0 0 0 0 0 0 0 0 0 0 0 0 0 0 0 0 0 0 0
0 0 0 0 0 0 0 0 0 0 0 0 0 -0.871892203930872 0 0 2.88040763574063 0 0 0.00630640930450368 0 0 0 0 0 0 0 0 0 0 0 0 0 0 0 0 0 0 0 0
0 -4.17349939107516 -6.91565737999867 0 -0.0838800851865395 -1.94465448658754 0 7.54853638077608 -3.93412753716696 5.15323061861775 0 4.95579123823486 8.27913882898842 0 -2.54370426464848 -4.33940548565797 -4.60966725133569 -0.566783583257201 2.16778267497776 0 -3.07044422113346 0 0 0 0 0 0 0 0 0 0 0 0 0 0 2.8287020039713 0.234032842529172 6.68005389053936 -4.52048877041363 -1.36956446653907
-1.44238809906208 0 3.1516030448935 -3.14433002416444 4.36759051760638 6.06239644351967 0 -2.51418787536255 0.00905813203293837 -1.936342933849 0 -0.766083885660164 0 0 0 0 0 0 -1.88325898868016 -1.38060461538071 0.259942196465368 0 0 0 0 0 0 0 0 0 0 0 0 0 0 0.610019815848021 -0.800842549902466 -0.491088209914218 0.667194110470167 0.377338949210782
0 0.957348404791876 0.0822643667790376 0 0 1.72911405112755 0 0 0 0 0 0 -1.28810634763371 -0.0570737320038695 0 0 0 0 0 0 0 0 0 0 0 0 0 0 0 0 0 0 0 0 0 -0.00540508264478467 0 -0.0151917521775549 -0.0319435891977128 0.554030088813288
0 0 0.0766334962750837 -4.45300751838455 0.883156078931094 0 0 -2.3955966892128 0 -1.36780975707996 0 0 0 0 0 0 0 0 0 0 0.0970716150033237 0 0 0 0 0 0 0 0 0 0 0 0 0 0 0 -3.49113151979442 -5.25467548855407 3.89382224938235 4.66469684736713
0 1.4105303697788 0.7948120043889 -3.00833936775921 1.83573185571704 1.39669638497579 0 0 0 -1.93413401579215 0 -0.631499570540439 -2.39270008540744 0 0 0 0 0 -1.14286549861944 0 0 0 0 0 0 0 0 0 0 0 0 0 0 0 0 -0.134724328090981 -0.589663492682574 -1.08376235728844 1.54354827490296 1.41134190927676
0 0.625887507858337 0.186385481893617 0 0.663852703443557 1.22912789990474 0 0 0 0 0 0 -3.74997676037739 -0.0878901015506557 0 0 -0.80931140444211 0 0 0 0 0 0 0 0 0 0 0 0 0 0 0 0 0 0 -1.77095205194448 -0.0417186243835691 -2.10261957278604 0 2.88965755955628
0 -6.73753519188307 0 4.87509939849159 2.32713115657408 -0.00249959589087431 0 3.91233508798794 0 2.63197865424568 0.154439950933282 4.30608702057083 6.03961310255328 1.43667975608542 -1.49260714597279 -0.423399834613434 0 -4.25718145506367 0.224802947297066 0 0 0 0 0 0 0 0 0 0 0 0 0 0 0 0 2.30352497688354 0 4.07136968220856 0.831440925501307 -3.70240101832698
0 0.442262337074687 0.00294184736432752 1.45849533633572 0 0 0 -0.301966084259224 0 0 0 -0.168394165268532 -0.0142758876739361 0 0 0 -1.97236726070552 0 -0.754728274130394 -0.0432419329083633 -1.37590366212023 0 0 0 0 0 0 0 0 0 0 0 0 0 0 -4.40579665320678 1.28576274187415 -7.36919437362751 6.88890484274784 1.65774823889966
-13.3789360240525 4.64625426910782 1.21339721345095 -0.064582450491296 -5.23316427375677 -4.93553034282204 -14.2506733881061 0.0902467110359168 9.34057012059485 -6.06254816704013 -21.0333423679732 0.934250450202123 0 8.32155771109214 12.7787591847815 10.2766094540651 3.40394100213736 9.23715446056103 -4.84513724776517 5.90100990418033 9.42854034028268 7.18402711948265 -1.53820781848965 -2.62817152559719 8.83377651001848 8.9452094409404 3.61160194411526 10.6611552900052 5.07712495332265 -4.28178775319242 0 -7.25769427897512 -12.2478616159928 9.77340922211946 -10.1120982714938 0 0 4.73206647320756 -4.50295209819417 -3.35778455306196
4.42298274081171 -0.0415253113569279 1.06534119855647 0 6.13512649287732 6.87438159298005 4.41152045518278 0 -4.17649175273256 0 7.90323988983245 -6.77283653291457 -4.99155615249831 -7.38805554727719 -2.98217878721388 -2.67727116345379 -0.443430109290374 -1.86313064828364 1.483840366836 0.24660236498161 -0.851299495161308 1.80500022009048 5.32563820202513 2.76960689696928 3.14981634416065 -0.483590653743058 1.61669321984849 0.681991369692536 -2.26691148578008 0 -5.56155148228471 -4.74816684430002 -4.20426151371855 0 1.35832033805162 0 0 0 0.127333387106903 0
-0.135439346995569 0 -2.96074301564837 -1.97528868694982 -8.03198369440827 0 1.44127618763876 8.40359972524955 0 2.30599015453755 0.00296866193997716 6.18541904510766 6.95008597217397 -1.7758263913151 0.148326486155562 0 -0.654416716448938 -0.336545516892524 0 -6.82018942954474 0 15.0117937407457 11.0966993413257 11.8370175134081 14.4679924584851 -2.67384570916628 -7.30571631827664 14.3435735826169 -5.47231633409456 -10.4157450185134 -12.3060775339118 -6.83075564637987 -12.1922463346424 11.3723203334883 -13.1612523813851 4.56313287925128 2.99485689638681 0 0 0
2.37783006072373 0 0 4.95373488099456 0 -1.2193602046843 0 -0.968634337346939 0 3.24856610395699 -3.04159688436151 0 -3.72417357306218 0 0 0 -0.63212112256569 2.32275779097668 2.07563582271512 -5.66675803431926 -0.446261680898386 0 -1.63030495845647 -5.98905636015975 -7.2429467543691 0 -3.94173306377119 -6.59850342323402 2.45335458186264 -4.37351644124755 5.80803322321999 5.54171809169539 0 2.55172673037213 7.30531216664373 -0.178227073679785 0.82418009810585 0 0 0
-2.57187786439714 -1.00861241763891 -1.49190704192336 -0.399319685009149 -1.54466320494142 -2.22343735292679 -1.54601945068456 -1.74573827563181 0 0 0 -0.337397416666804 -0.138284302495333 4.27791565144299 -1.15791018324479 -0.191028908518083 0 1.25544542345574 -0.936784612579846 4.89835693270018 -0.146500699288496 -6.13191207863985 -3.90193706942191 -3.68920028258775 -4.0772198682597 0 0 -2.01965481941186 0.910469007736373 3.37077888867238 5.72712373503389 4.55772763989833 6.84458704906349 -4.53431396935902 2.06228937558471 -0.197897799961448 0 0 0 0
