11.786395343359
19.1811980512591
18.3416535192761
13.7318983216149
22.3911955598776
20.7016849115529
8.73627596283887
9.88263407300212
17.8431025618602
8.53439037754681
14.2578993013918
9.48051912492803
13.1534445046553
11.8324606655182
15.3150910951892
15.1268074012869
21.665554247238
11.4459615068864
5.5771245189055
9.69619681907383
15.3558911965294
11.6214031204929
10.3985672151272
14.2285462560218
12.4358199109776
9.27239257154346
11.5051106821572
12.4244213404408
21.3786681253349
28.4678701975829
23.036179265663
30.3643304421387
35.710722238151
12.6174005262874
24.0226360228984
21.1185890307732
16.5951048770232
20.2826651896117
23.6060312939953
19.4338784685376
13.1094325583768
9.80709306561581
6.16525092854963
12.5577335292685
9.78132382882209
9.03470665009002
12.9154767827678
29.5420416357144
9.07061668730579
21.5871275895868
18.4785561458985
23.1706222094958
37.2496254326116
13.1755985915027
9.60837028117373
8.25694577599919
8.08174673645045
9.81335784779309
12.3714212392009
15.269621310025
6.62341146271408
32.2050278872474
16.4954313118577
13.5243854858589
43.5871073703267
16.4730596031503
12.0565097309004
41.5616412136301
10.9668987194532
8.98101711355719
12.6516802555691
11.0103009430675
10.1959060954626
31.865960670345
14.1178938509409
27.2373033849333
18.8526427366974
33.211962516292
15.6288512484176
14.9398522081884
0 0 0 0 0 0 0 0 0 0 0 0 0 0 0 0 0 0 0 0 0 0 0 0 0 -1.25376021713619 0 0 -0.27021407038911 0 0 0 0 0 0 -3.68469382759715 1.67612071652251 0 0.476938854850906 -0.148894946025141
0 0 0 0 0 0 0 0 0 0 0 0 0 0 0 0 0 0 0 0 0 -3.68826988866576 0 0 -0.0145108513652713 0 0 -1.02710281643266 0 1.24428105483304 0 1.05739782067308 0.733479778889257 -3.22900955993802 0.409475969650125 0.140132225074212 -0.139881732321994 0 0 -0.00971215724347499
0 0 0 0 0 0 0 0 0 0 0 0 0 0 0 0 0 0 0 0 0 0 0 0 -0.0161658487753904 0 0 -0.0512914323021158 0.387195903570848 0 0 0 0 0 0 0 0 0 0 0
0 0 0 0 0 0 0 0 0 0 0 0 0 0 0 0 0 0 0 0 0 0 0 0 0 -4.6585394777486 -1.36139856650663 0 -4.10485748700855 -2.44039240174831 -3.12214665733522 -3.76467922870977 0 3.49255354875999 1.52078794547033 -0.175164725239861 0 -0.464191586435387 1.69933069541072 -0.156443787531784
0 0 0 0 0 0 0 0 0 0 0 0 0 0 0 0 0 0 0 0 0 0 0.44659097225389 0 -0.43275692796499 0 0 0 3.76210522694726 0.835973259278575 0.757010103371707 1.09832217605546 0.583459918585178 0 0 -0.896338570063327 1.55807830599822 -0.058734246293134 0 0
0 0 0 0 0 0 0 0 0 0 0 0 0 0 0 0 0 0 0 0 0 0 0 0 -0.789246404558609 0 0 -0.746722961621319 4.32002873983699 2.35666211168186 0.0146483786550857 0.52449025363756 0.833373731613321 0 0 -0.578805190938693 1.03578174837045 0 -0.0475241996899349 -0.000760794769245364
0 0 0 0 0 0 0 0 0 0 0 0 0 0 0 0 0 0 0 0 0 0 0 0 0 0 0 0 0 0 0 0 0 0 0 -2.52083533724091 0.446306170148641 0 0 0
0 0 0 0 0 0 0 0 0 0 0 0 0 0 0 0 0 0 0 0 0 1.07350096779259 0 0.0108980539623904 5.32754791647659 0 0.348813640982664 4.57836432301766 -2.0625523968018 0 -1.62691231742791 0 0 0.579362323893011 -0.5634742316862 0.278402889240372 0 0.775458954952407 -0.582855037869922 -0.554262188546715
0 0 0 0 0 0 0 0 0 0 0 0 0 0 0 0 0 0 0 0 0 0 -1.74769205783075 0 -1.34750943799894 0 0 -0.0864938021907913 0 0 0 0 0 0 0 0.983222891799535 -1.2330669115799 0 0 0
0 0 0 0 0 0 0 0 0 0 0 0 0 0 0 0 0 0 0 0 0 0.045779990060082 0 0 0.431503225628019 0 0 0.905151374261785 -0.420046861865623 0 -0.129327231556803 -0.209116673971467 0 0 0 -0.0307653788083398 0 0 0.0406523624340571 0
0 0 0 0 0 0 0 0 0 0 0 0 0 0 0 0 0 0 0 0 0 0 0 0 0 0 0 0 0 0 0 0 0 0 0 -15.2363402153696 7.07225383642176 0 -1.51713126696497 0
0 0 0 0 0 0 0 0 0 0 0 0 0 0 0 0 0 0 0 0 0 1.19867802624558 0 0 0.715233598741922 0 0 1.71721262018803 -0.260683665113157 0 0 -0.260947066643175 0 0.704707696211059 -0.0685408924742068 0.276460756281333 -1.3177142083742 0.0454661201156869 0 -0.040866437761654
0 0 0 0 0 0 0 0 0 0 0 0 0 0 0 0 0 0 0 0 0 7.62496318446435 0.314400059392537 0 8.39255981503187 0 0 9.47157978004944 -0.576783654210496 -6.54587093596292 -0.634027763818843 -5.52307902729386 -7.78737999729509 6.86925334728909 -1.22101994035724 0 -3.94451945815515 2.73185711117391 -3.10023818140422 -1.61470879651382
0 0 0 0 0 0 0 0 0 0 0 0 0 0 0 0 0 0 0 0 0 0 0 0 0 -2.281211888077 -2.77394904765454 0 0 -1.58298753343864 0 0 -0.447588002127496 0.345443852935204 0 2.25751618268677 -3.6060963981826 -0.1443243952391 0 1.20808863636923
0 0 0 0 0 0 0 0 0 0 0 0 0 0 0 0 0 0 0 0 0 0 0 0 -0.0982750536756118 0 0 0 0 0 0 0 0 -0.0118303201935568 0 2.3441659026041 -0.836728312345891 0 0 0
0 0 0 0 0 0 0 0 0 0 0 0 0 0 0 0 0 0 0 0 0 0 0 0 -0.468949313869374 0 0 0 0 0 0 0 0 0 0 0.148872163358349 -0.173292966645487 0 0 0
0 0 0 0 0 0 0 0 0 0 0 0 0 0 0 0 0 0 0 0 0 0 -0.891049666775197 -0.826925443281434 0.216884777150424 5.44841626940015 2.4585439684997 -1.09724976470101 0 0 0 0 -0.031819124166132 0 -0.357143384563464 0.0514394620639964 -0.068757317070986 0 0 0
0 0 0 0 0 0 0 0 0 0 0 0 0 0 0 0 0 0 0 0 0 -0.0619127492215688 0 0 0 0 0 0 0 0 0 0 0 -1.01908600918354 0 0.121641395943289 -0.139853403771009 0 0 0
0 0 0 0 0 0 0 0 0 0 0 0 0 0 0 0 0 0 0 0 0 0 0 0 0 0 0 0 0 0 0 0 0 0 0 0 0 0 0 0
0 0 0 0 0 0 0 0 0 0 0 0 0 0 0 0 0 0 0 0 0 0 0 0 0 0 0.142757586950272 0 0 0 0 0 0 0 0 0 0 -0.111171312517376 -0.41916630908668 1.63935973935262
0 0 0 0 0 0 0 0 0 0 0 0 0 0 0 0 0 0 0 0 0 0 0 0 0 0 0 0 0 0 0 0 0 0 0 0 0 0 0 0
0 -5.94575257891555 0 0 0 0 0 3.15496170119801 -1.33134784634638 1.53907690804427 0.599141238721461 3.54855572598452 5.54395602937048 0 -0.617970930532415 -0.0817276691646149 0 -1.41753926840836 1.58922324730154 0 0 0 0 0 0 0 0 0 0 0 0 0 0 0 0 0.215418004751704 0.00586330243183442 6.45955191152928 0 -4.07117556122556
0 0 0 0 0 0 0 0 -2.83735669998284 0 0 0 0 0 0 0 -1.87926399963448 0 0.218156510733154 0 0 0 0 0 0 0 0 0 0 0 0 0 0 0 0 0 0.360532631770747 0.675433919252556 -0.0269294133048165 -0.368051089912183
0 0 0 0 0 0 0 0 0 0 0 0 0 0 0 0 -1.45794016104016 0 0 0 -0.727908448412968 0 0 0 0 0 0 0 0 0 0 0 0 0 0 -0.326791286985504 0.571185525166211 3.3341275543589 -3.06673354814641 -1.62342678724192
0 -2.99631509952847 -6.5623068221423 0 -1.06373668471404 -2.11617247760099 0 8.38609999831636 -5.28344170959096 3.93911332117249 0 4.04220264691499 7.28864400837235 0 -3.19992785068742 -5.39235875420898 4.31484302235153 0 0.623344486666837 0 -5.57304190993572 0 0 0 0 0 0 0 0 0 0 0 0 0 0 1.08949812781691 0.998867816563382 6.89278178205843 -5.24832662870319 -2.95171901754998
-0.56396032066537 0 0 -1.95417396799258 0 0 0 0 0 0 0 0 0 -0.788209223254459 0 0 6.68729756689731 0 0 0 0 0 0 0 0 0 0 0 0 0 0 0 0 0 0 0 0 0 0 0
0 0 0 0 0 0 0 0 0 0 0 0 0 -0.872202017596852 0 0 2.88082585607239 0 0 0.00638004295672087 0 0 0 0 0 0 0 0 0 0 0 0 0 0 0 0 0 0 0 0
0 -4.17376954725458 -6.91621088326972 0 -0.0841404197879324 -1.94540304214272 0 7.54900909699533 -3.93451876592095 5.15372608975169 0 4.95627436049887 8.27975666552818 0 -2.54406672972368 -4.33983421081863 -4.61011431350656 -0.56699874550987 2.16837710087957 0 -3.0708310367652 0 0 0 0 0 0 0 0 0 0 0 0 0 0 2.82894309751472 0.234121656193762 6.68042822054514 -4.52078631463777 -1.36981654122004
-1.44271108674118 0 3.1525210017316 -3.14465334994813 4.36807003399255 6.06288479309737 0 -2.51478097649959 0.00918090570354101 -1.93682410754412 0 -0.76652064468934 0 0 0 0 0 0 -1.88359016591924 -1.38112503762044 0.260468556895288 0 0 0 0 0 0 0 0 0 0 0 0 0 0 0.61016700973218 -0.801036257262465 -0.491265422957669 0.667394030345845 0.377482286326691
0 0.957729510063066 0.0824319490940273 0 0 1.7294061540448 0 0 0 0 0 0 -1.28859582492191 -0.0571997653059383 0 0 0 0 0 0 0 0 0 0 0 0 0 0 0 0 0 0 0 0 0 -0.00541921901654245 0 -0.0152273173443323 -0.0319846718239775 0.554291775221042
0 0 0.0768393383293808 -4.45309822409477 0.883593179569761 0 0 -2.39604325311197 0 -1.36815485337197 0 0 0 0 0 0 0 0 0 0 0.0973956780143662 0 0 0 0 0 0 0 0 0 0 0 0 0 0 0 -3.49116503723656 -5.25485195977867 3.89394499248083 4.66478152575529
0 1.41109411479842 0.795296908689412 -3.00867420281194 1.8361830507318 1.39723244070048 0 0 0 -1.93468492686967 0 -0.631977875987619 -2.3931007899283 0 0 0 0 0 -1.14325433383417 0 0 0 0 0 0 0 0 0 0 0 0 0 0 0 0 -0.13478156841315 -0.589810951386593 -1.083935390237 1.54379932196318 1.41155489162434
0 0.626227002073541 0.186611701115339 0 0.664043672009837 1.22960694721356 0 0 0 0 0 0 -3.75040152206161 -0.0880806827741824 0 0 -0.809750662804111 0 0 0 0 0 0 0 0 0 0 0 0 0 0 0 0 0 0 -1.77105534560197 -0.041735136117515 -2.10281942958041 0 2.88986383589878
0 -6.73811471370907 0 4.87581426865099 2.32713787965805 -0.002556884301956 0 3.91244552081989 0 2.63223460675163 0.154700993982775 4.30620785947102 6.03986865571646 1.43742984985524 -1.49321254415491 -0.423927007260279 0 -4.25778969894653 0.224992000106538 0 0 0 0 0 0 0 0 0 0 0 0 0 0 0 0 2.30372355672677 0 4.07158782904639 0.831700820635865 -3.7027194075725
0 0.442678615572195 0.00300757507854392 1.45933502403452 0 0 0 -0.302300798457097 0 0 0 -0.168655495566958 -0.0143301800121833 0 0 0 -1.97273262636185 0 -0.755104486217386 -0.0434050294251601 -1.37617137330129 0 0 0 0 0 0 0 0 0 0 0 0 0 0 -4.40594370086064 1.285944475486 -7.36938042275881 6.88904529256536 1.65794082766328
-13.3793672082435 4.64635745977465 1.2134309494724 -0.064700880330545 -5.23347389686776 -4.93577925000135 -14.2512274693517 0.0903273964562819 9.34096865145583 -6.0627600143904 -21.0338983932636 0.934473699580403 0 8.32185218483381 12.7790001991045 10.2769982594273 3.40414308454041 9.23747381123528 -4.84545565351554 5.90114197640923 9.42886931211033 7.18412939804312 -1.53852470160194 -2.62857459187709 8.8336745360698 8.94553633484654 3.61171821806198 10.6610268136301 5.07730183992129 -4.2819312793272 0 -7.25772538006911 -12.2478514511544 9.77336884989275 -10.1122360033526 0 0 4.73203283173512 -4.50302067153102 -3.35780965740673
4.42340215275387 -0.0416171072627935 1.0654911976276 0 6.13528788410139 6.87439632135658 4.41207181623071 0 -4.17690468217148 0 7.90376814996553 -6.77291326385219 -4.99146662151853 -7.38834451551542 -2.98249110812589 -2.67769295951887 -0.443625484630641 -1.86346895641316 1.48415445893623 0.246848353254381 -0.851631511302701 1.80506758362003 5.32586006682838 2.76997656198109 3.14973078658682 -0.483935089333031 1.61675704879524 0.681978671155939 -2.26706113361136 0 -5.56170932803928 -4.74816133805336 -4.20438958818535 0 1.35840749836053 0 0 0 0.127379940569206 0
-0.135724827401553 0 -2.96089251705331 -1.97566546901733 -8.03215981939971 0 1.44192934615212 8.40400346129344 0 2.30617406235988 0.00303018818464609 6.18577022604071 6.95038273721119 -1.77634574415049 0.148642248206053 0 -0.654546557605319 -0.337024619100064 0 -6.82071688159218 0 15.0120153983046 11.0970736870327 11.8375508233924 14.4681539203995 -2.67405291015829 -7.30582873351176 14.3437076667482 -5.47262595876378 -10.4159969783373 -12.306441143452 -6.83108479007093 -12.1924601722759 11.3724288522995 -13.1615515470722 4.56322856182219 2.99484664563248 0 0 0
2.37838253073057 0 0 4.95404334931475 0 -1.219520777805 0 -0.968866383072606 0 3.2487690888835 -3.04191649517832 0 -3.72423570975119 0 0 0 -0.632217660249714 2.32308853465735 2.07594947890447 -5.66712371885005 -0.44646978353828 0 -1.63059659695471 -5.98941796839819 -7.24295991826245 0 -3.94185361410086 -6.59848679832033 2.45347724133297 -4.37376694238767 5.80825960281918 5.54179560085269 0 2.55180299510753 7.3054899784481 -0.178218479792519 0.824186704570213 0 0 0
-2.57227978720572 -1.00863537992857 -1.49186361622806 -0.399473126693835 -1.54469287987284 -2.22343248538415 -1.54652412587815 -1.74583713450192 0 0 0 -0.337589547843268 -0.138331204880565 4.27839528574051 -1.15814977783406 -0.191214328893404 0 1.25593573241484 -0.936943847097737 4.89907710099665 -0.146515060973367 -6.13211383332866 -3.90221073032082 -3.68958831099412 -4.07726496075473 0 0 -2.01969374145757 0.910632677420841 3.37102482615063 5.72737700676199 4.55783204118177 6.84482658132737 -4.53451385293515 2.06240249441027 -0.197907354367904 0 0 0 0
