4.14749401651956
6.47091790980831
6.21713047196206
5.0694367434195
7.14098673812535
7.00515647120626
3.19606765100891
3.17829119869556
5.62169400550298
3.36076261213765
4.45233195684048
3.38531741570583
3.64792852571082
4.38583260088788
4.80879576611612
4.85973487667058
7.32959264009797
4.55754526550188
2.78676092803755
3.54472639058065
5.41857346279188
3.27519561643561
3.44917804759124
4.62049347628582
3.213105691948
3.19309361391617
4.11729983086032
3.33267393797836
7.67689070162107
10.231260074432
7.30537238007512
10.4987777540574
12.2247798200226
3.6838412071911
7.94397040482781
5.4140882830704
4.85236440131016
4.46737821952509
9.61895065539115
7.23574844987063
4.43831234171915
3.68729491789767
2.67641415611875
4.28708525365789
3.40108794620307
3.7673162367886
4.53831382053889
9.07646699105882
3.13917528437922
7.23808504279657
5.91523949406495
7.50754097206395
10.7214786989628
4.83837412176532
2.99463963294107
2.63537565021359
3.29499224942417
3.8308990100558
4.83721233073959
5.233623938822
2.73327838296129
10.662016645608
5.64268979682329
4.32633014064962
14.7682703552073
5.76433277817848
4.43159701362155
14.053116350368
3.78937460531085
2.87749189929746
3.66266669792026
3.5251955750257
3.21310909672505
10.4026308607247
4.2099910285107
10.4544497179858
6.72779231338048
13.6618452147983
3.88000473855422
4.02283027097979
0 0 0 0 0 0 0 0 0 0 0 0 0 0 0 0 0 0 0 0 0 0.0261684227502441 0 0 0 -0.521002780370634 0 0 -0.40412195836321 0 0 0 0.17680787785507 -0.00143373616489512 0.00635986810751402 -0.754696692383064 0.490529309476693 -0.00256716707250573 0.225248031293167 0
0 0 0 0 0 0 0 0 0 0 0 0 0 0 0 0 0 0 0 0 0 -1.24301662254035 0 0.154008921022354 -0.769879783915531 0 0 -0.850463761634832 0.487739361842013 1.07982829063749 0.260161654078661 0.873369312266142 0.467122272132549 -1.51969685234657 0.589741148186998 0.152884601966081 -0.0156409431589848 0 0 -0.0787925695606613
0 0 0 0 0 0 0 0 0 0 0 0 0 0 0 0 0 0 0 0 0 0 0 0 -0.141300575475719 0 -0.0834689614582486 -0.351818004398208 0.196776944973232 0.00118963928274657 0.00369806378662672 0.0611715521243817 0.0387881876225283 -0.0955258501857804 0.0922178776583465 0 0.00313501898813194 0 0.00276926252852323 0
0 0 0 0 0 0 0 0 0 0 0 0 0 0 0 0 0 0 0 0 0 0 -0.00724860700376755 -0.0156793264767852 0 -1.35700184244634 -0.950849441114294 0 -0.982502879340922 -0.792221807319027 -0.287325003069474 -0.689690759421184 0 1.47202457825744 1.07699290283726 0 0 -0.0656646250649199 0.819700169473319 0
0 0 0 0 0 0 0 0 0 0 0 0 0 0 0 0 0 0 0 0 0 0 0.483256580644131 -0.161627635004131 -0.832861462998346 0 -0.174685219044111 -0.74343873663553 0.982848357064991 0.743904483539266 0.335761255502963 0.198812896296912 0.556588742226224 0.0295581572740023 0.00168760813035499 -0.300184854116246 0.389055263092953 -0.0506324340309217 0.0420935279922136 -0.173702433551558
0 0 0 0 0 0 0 0 0 0 0 0 0 0 0 0 0 0 0 0 0 -0.565312050485603 0 0 -0.926142594888348 0.0248355765737493 0 -0.953823220136108 1.55873777327814 0.870152691931118 0 1.33645930211543 0.667779471046475 -0.808084598303225 -0.0695140549332074 -0.32569760171954 1.07065791147834 0 0 -0.0428178963164242
0 0 0 0 0 0 0 0 0 0 0 0 0 0 0 0 0 0 0 0 0 0 0 0 0 0 0 0 0 0 0 0 0 0 0 -0.39885405670033 0.178355621825748 0 0 0
0 0 0 0 0 0 0 0 0 0 0 0 0 0 0 0 0 0 0 0 0 0.255233674335133 -0.00197402136817188 0.17856507132729 1.25283596850386 0 0.188042504159959 1.10445043334396 -0.718669759701637 0 -0.633509062054343 -0.259023858824944 0 0.145337361388826 -0.136426975332687 0.00732908614124001 -0.0399451403054888 0.0783001376716669 -0.111307318273905 -0.0904279581922665
0 0 0 0 0 0 0 0 0 0 0 0 0 0 0 0 0 0 0 0 0 -0.352612305504917 -0.605187248485025 -0.0230167102439734 -0.226950264879035 0.296727889201322 0 -0.0888882296852716 0.39378212134002 0.288858686290962 0 0 0 0 0 0.10848442244465 -0.342115976716222 0 0 0
0 0 0 0 0 0 0 0 0 0 0 0 0 0 0 0 0 0 0 0 0 0.313158744027848 0 0.231187068503983 0.739216805873875 -0.0186025673632436 0.153125177657201 0.854971848541467 -0.651275265317473 -0.455323725191668 -0.442226484124307 -0.40788072903809 -0.293569980556937 0.310889464183801 -0.258642496014889 -0.117100025021543 0 0.0022441538781727 0.147953838745429 -0.129544081962877
0 0 0 0 0 0 0 0 0 0 0 0 0 0 0 0 0 0 0 0 0 0.0176659131154924 0 0 0 0.00213481310994087 0 0 0 0 0 -0.0244135730763914 -0.0234961110608861 0 0.0291490390087659 -3.57625013545356 1.74825359266088 0.0268153529503035 -0.438188564472782 -0.0944827250274552
0 0 0 0 0 0 0 0 0 0 0 0 0 0 0 0 0 0 0 0 0 0.658388738991301 0.0681432885266123 0.0671759801157923 0.571721617342148 0 0 0.920214765925066 -0.375426595127517 -0.67652609744007 -0.0358567890792444 -0.543891924516263 -0.314653002684129 0.142784291990897 -0.185082294771516 0.0127035201333175 -0.508320161192745 0.0709669511427268 -0.0719221166032567 -0.0281715802011702
0 0 0 0 0 0 0 0 0 0 0 0 0 0 0 0 0 0 0 0 0 1.80768161964423 0.777055045374157 0 1.95908756568197 0.157320674268983 -0.0463813329529444 1.74536154162458 -0.807304736488329 -1.93562034264819 -0.8618688550426 -1.30165740070281 -1.79714027193802 1.29754178758412 -0.356471230395234 0 -1.07968475748634 0.655507434842025 -0.640113588710036 -0.226598095666358
0 0 0 0 0 0 0 0 0 0 0 0 0 0 0 0 0 0 0 0 0 0.294659605951888 0.249766620549445 0.370484728562911 0 -0.830105841688478 -0.675570660711375 0.128321382053583 -0.158163296683432 -0.223145112380038 -0.0104586390779601 -0.0949420421088836 -0.661721922532373 0.675488878132772 0.115646155409492 0.553362191282581 -1.02912676113611 -0.102556054128861 0 0.97398703575932
0 0 0 0 0 0 0 0 0 0 0 0 0 0 0 0 0 0 0 0 0 -0.0436599893755677 0 0 -0.0594817244160863 -0.00445353019421574 0 0 0 0.0169500618871602 0.0179554088435815 0.0692855755373328 0.0982612181416613 -0.185290044686925 0.0323404475591754 0.117968846227803 -0.0921165004610089 0.000661808830396774 0 -0.00361995021061122
0 0 0 0 0 0 0 0 0 0 0 0 0 0 0 0 0 0 0 0 0 -0.103128177280926 0 0 0 0.0276233521411699 0 0 0.0575949882254557 0.000537373413021515 0.00078612415959333 0 0 0 0 0.0262808314996571 -0.0280114187971439 0 0 0
0 0 0 0 0 0 0 0 0 0 0 0 0 0 0 0 0 0 0 0 0 -0.129587438410467 -0.633290575340958 -0.6017539176603 0.258052716525526 1.73979557420621 1.07429148038876 -0.318776266852189 0 -0.0244417413491551 0.0658946087324764 0 -0.353837861911308 0 -0.00262606110828113 0.1130858752944 -0.167963514779865 0 0 0
0 0 0 0 0 0 0 0 0 0 0 0 0 0 0 0 0 0 0 0 0 -0.437037627281007 0 0 -0.0226833113540219 -0.197953198355651 -0.209672260856878 -0.0368380144132489 0 0.0370325546062941 0.279167727166435 0.154399131799569 0.14703424380018 -0.464635553544633 0 0.0466937165907377 -0.137934108542974 -0.0298825671306431 0.0164008794147083 0.0372151796555231
0 0 0 0 0 0 0 0 0 0 0 0 0 0 0 0 0 0 0 0 0 0.0323490228712207 0.011113799733641 0 0 0 0 0.00208283544338601 -0.0224980842223686 0 0 0 0 0 0 -0.0015632881568244 0.00430624986469046 0 0 0
0 0 0 0 0 0 0 0 0 0 0 0 0 0 0 0 0 0 0 0 0 0.0192467675237201 0 0.138196923171507 0 -0.404236698946052 0.326962511394553 0.111834967101735 -0.116655397357606 0 0 0 0 0 -0.0697171677104187 0 0 -0.0493448414541757 -0.610521626474328 0.612044512741803
0 0 0 0 0 0 0 0 0 0 0 0 0 0 0 0 0 0 0 0 0 0 0 -0.0655111846624545 -0.15039915656433 0 0 -0.00021931196056776 0.136728835184922 0 0.115415321414029 0 0 0 0 0 0 0 0 0
0.135828443525559 -1.15416502993669 0 0 0 -0.381816706811529 0 0.687518550049681 -0.906243154031417 0.499509411886499 0.33444404330919 0.970544634761782 1.35214177330761 0.347427463762235 -0.204259195247606 -0.758817250100882 -0.325659622439061 -0.698262787159893 0.848578691177187 0.130559389399598 0.0120189756573556 0 0 0 0 0 0 0 0 0 0 0 0 0 0 0.137566975174154 0.0230442206870558 1.62580536221411 0 -0.886511263231633
0 0 0 -0.00775379479929581 0.34343220446564 0 0 0 -0.829237311998063 0 0.0131619474707615 0.00226346857095861 0.116026722021073 0.0357715141305455 0 0 -0.701106717895266 0 0.107159492069904 0 0 0 0 0 0 0 0 0 0 0 0 0 0 0 0 -0.0105025579338549 0.243014131625882 0.575328901325272 -0.086678490089088 -0.327515049647667
0 0.043947301071809 0 -0.0787869708315968 -0.14506191547462 0 0 0.131782676440286 -0.0779894168142832 0.149299557006021 0 0.044102964455104 0 0.246890582546492 0 0 -0.915370705264146 0 0 0.333931729004169 -0.510393506260964 0 0 0 0 0 0 0 0 0 0 0 0 0 0 -0.221582251420717 0.21273731023467 0.880463989779964 -0.910542061179208 -0.283984464943221
0 -0.7963310026643 -1.50755124146492 -0.136139566289323 -1.10385647189524 -0.82334610372171 0.629194971862612 1.78119536688635 -0.875648559888466 1.17040805706289 0.0214694116949927 0.954888306223334 1.57971558629188 0 -0.385713825723986 -1.03532029221158 0.580757539005399 -0.104799221804388 0.85054004077894 0.111031750822701 -1.32835978661353 0 0 0 0 0 0 0 0 0 0 0 0 0 0 0.366951545935477 0.017257656454982 1.71530748827112 -1.07646230177215 -0.628065646561716
-0.290204535699506 0 0 -0.751389177509529 0 0 0 0 0.0935069413948666 0 0 0 0 -0.262920302094558 0 0.0061056389731445 1.78751827104162 0 0 -0.11810316874785 0 0 0 0 0 0 0 0 0 0 0 0 0 0 0 0 0 0 0 0
0 0 -0.0111639634855093 -0.435076074476137 -0.0125572151738121 0 0 0.00338069515290513 0 0.0039266224836532 0 0 0 -0.123425586002563 0 0 1.19370710779256 -0.00253167966948782 0 0.112071726918779 0 0 0 0 0 0 0 0 0 0 0 0 0 0 0 0 0 0 -0.263126829973511 0
0 -1.06366549480839 -1.92323316222351 0 -1.19287369038536 -1.03898567311458 0.264180009364383 1.81755547759153 -0.698004650700667 1.46274311629801 0.0486806513954279 1.48855023077502 1.54755602526336 0.212157811119708 -0.574008245650079 -1.06918458468971 -1.00796103213254 -0.203714940228008 1.29941123199165 0.657608725336076 -1.04328309702524 0 0 0 0 0 0 0 0 0 0 0 0 0 0 0.973458189068032 0 1.91974791867824 -1.20034564776925 -0.435278942806047
-0.712529974794584 0.530764036176151 1.29722846295726 -0.893043939101097 1.32879624959452 1.55676947374352 -0.311156517601974 -1.21921126311032 1.0835933611941 -1.08117777789085 0 -0.758840042532955 -0.48562634047363 -0.269487887271555 0 0.568985506022926 0.00426161986443634 0 -0.618354232288716 -0.554045905972232 1.14506841880054 0 0 0 0 0 0 0 0 0 0 0 0 0 0 0.326160039501519 -0.511283216162421 -0.151367785597184 0.0999537085183368 0.0853210991143997
0 0.232691212214625 0.369919346752339 -0.169777656851185 0.158542052515784 0.372971499954972 -0.0274835637304937 0 0.444764199604601 -0.114447019191397 0 -0.297608193023661 -0.672475056557076 -0.191243939666175 0.0709653621421 0.102765562698973 -0.0585176091472214 0.063168302297883 0 0 0 0 0 0 0 0 0 0 0 0 0 0 0 0 0 -0.079760394014638 0 -0.155261647008014 -0.0892136143281795 0.31401315915742
0 0.348547908254733 0.145211467355392 -0.543981176065107 0.749762764574083 0 0 -1.26838078280472 0 -1.01186030047866 0 -0.0351151728805043 -0.58454645405771 -0.0113507478275949 0.0958405367120558 0.42200866205494 0.151749944371851 0.670709174039001 0 0 0.826652676380043 0 0 0 0 0 0 0 0 0 0 0 0 0 0 -0.0276125844131692 -0.818657541617276 -1.28227979624778 1.1009911752308 1.19422509543709
0 0.889985146303084 0.276450209781616 -0.435638946766027 0.364745560658955 1.15613636284802 0.120324912198882 -0.38712341776265 0 -0.704153028377028 -0.201239188592387 -0.783239541913718 -0.829158868186652 -0.156604027708805 0.337237970603913 0 -0.0333116638865907 0.628515476882491 -0.7885470197831 -0.000839395186294749 0 0 0 0 0 0 0 0 0 0 0 0 0 0 0 -0.150773696091919 -0.291989614460721 -0.627877321906624 0.832371057256497 0.625295344740599
0.48813655940196 0.36492126656714 0.795621405532547 0 0.578869821074158 0.415402100078414 0 0 0 -0.323237760288135 -0.0999044600668389 -0.432846846375684 -1.12889466955421 -0.345610785368365 0.513185460166304 0 -0.626045251429558 0.466952156300227 -0.104217367423961 0 0 0 0 0 0 0 0 0 0 0 0 0 0 0 0 -0.825386979805444 -0.0227772317217057 -1.31768920961361 -0.0117868175730876 1.18724255078774
-0.0371727833345207 -2.02740319158325 -0.346096027226156 1.82432658583883 0.116221372895887 -1.17720401359709 0 1.05092605015957 0 0.780293613825793 0.000120115910391571 1.00990738704092 1.39466260310725 1.09876849378231 -0.90769705138618 0 0 -1.2984026709978 0 0 0.00488724370848397 0 0 0 0 0 0 0 0 0 0 0 0 0 0 0.995820105309817 0 1.21020786634211 0.361501554045642 -0.862497447015289
0.226147501393717 1.17562516400418 0.441832371163861 1.55572496810845 0.0049157105625933 -0.167922828758582 0.17960535216042 -0.569615938664587 0 -0.46212252979126 0.274381355427273 -0.594616358352551 -0.47478616423174 0.148065259042383 0.159645213844542 -0.0592738712180865 -0.746757912650567 0 -0.928833908387271 -0.543107208845678 -0.529070285851361 0 0 0 0 0 0 0 0 0 0 0 0 0 0 -1.39929550048068 0.451542186238309 -2.05509720394789 2.08601707466099 0.164121635066372
-3.48819061917987 1.23512774116067 0 0 -1.06029755707801 -1.79726625797725 -3.77739074152817 0.0323262946357699 2.28037057351684 -1.31915301780026 -5.53150538991688 0.0274705153212955 0 1.92414806600254 3.40515968092909 2.74952535948917 0.952050114488122 2.72373494686185 -1.16671427495377 1.63197931582417 2.59401648517668 2.21194041957461 -0.167986600129227 -0.625127955851967 2.89756868732881 2.4186501708789 1.07212202268115 3.31309548453192 1.42557053014856 -1.51293932981396 -0.45672118997522 -1.93939761672939 -3.47066714364072 3.03008757700408 -3.10961060701861 0 0 3.33926685092621 -2.04939325988261 -1.72765742476963
1.14616115303254 -0.0208637797454102 0.907484732664252 0 1.30863919454972 1.59304566050266 1.23344786070557 -0.41130069030646 -1.02468465991798 0 2.03976664446284 -1.69653399924344 -1.34446635013166 -1.7996219550875 -0.86941814370059 -0.549492202296551 -0.533542542794199 -0.427777136720386 0.203676431595625 0.208186032586885 -0.0736034059646349 0.393336382626924 1.29675967876253 0.757202366793729 0.834326814988119 -0.0369858289047671 0.615670170722045 0 -0.707333466621029 0 -1.36793208041419 -1.23960827780435 -1.12009436952192 0 0.409368398877373 0 0 0.138499164267918 0.204473477684347 0.0455661787255734
-0.862894017489391 0 -0.823692153662429 -1.14629215962367 -1.15384388825868 0 0.449696941991367 1.82782668740622 0.446947060820924 0.473455374887394 0.618713198789891 1.5308338445943 1.87390847548735 -0.763362652513327 0.118708066417 0.173752197128206 -1.00638783531901 -0.20524813170073 0 -1.51479402934826 0.0300173927688117 3.67236304271231 2.97299913833534 3.04307779645078 3.69429680481407 -0.254175040634264 -1.79532715691323 3.71049496586232 -1.06678602602545 -2.85681784767281 -2.87596557437067 -2.22432015681061 -3.40404550935624 2.7036262698081 -3.38564196226662 2.78004129476935 1.25322952135205 0 0 0
0.726176449281578 0 0.0481806838110192 1.22293791649369 0.091832687601022 0 -0.158107383061414 -0.301914117929315 0 0.795509126585001 -0.68688381160293 -0.127876470067606 -0.780182422852733 0 0 0 0 0.366559431191684 0.542058830502296 -1.52118977314858 -0.054601171545534 0 -0.726760513985607 -1.64499168739969 -1.62308190009015 0 -1.18284854442711 -1.56314542464878 0.103983085801792 -0.894749909243394 1.48626208932253 1.4839294253526 -0.0391417416986037 0.406813656713051 2.00717009725307 -0.638087275615253 0.303224173369042 0 0 0
-0.472484921105493 -0.274295153215539 0 -0.15577366432344 -0.827946927570326 -0.291726626886528 -0.583913817342521 -0.764820780854007 0 -0.247671941081378 -0.497421832265628 -0.137741011636942 -0.20538031314966 1.28747024872654 -0.161717246533737 0 0 0.528188819703851 -0.166002337824713 1.34102277826137 0 -1.36078629703985 -1.09044672617592 -0.869336943687797 -1.0216088915154 -0.665941612810725 0 -0.587671693553557 0.111886443823809 0.698632879083072 1.43119374778048 1.1218403945578 1.80725958902178 -0.797774010346691 0.219675640758706 -0.322519466390608 0.106368260802214 0 0 0
