9.96770847352585
16.852932720502
16.2185804585871
11.30947146669
20.2218472012868
18.1661041604596
7.23998925001173
7.49967304825694
16.107724776583
6.11747367451909
12.8019608544963
7.31300666577145
10.5415491312003
9.79048349846051
13.4023033259542
13.3937972612377
19.1630092147304
9.38049439438376
3.27430220461352
7.86656022505316
13.6401281603015
9.50948689500062
8.49461237779271
12.4474499163341
10.0986428810165
7.27958925190091
9.73096228572858
10.0289614596022
18.8991280532722
26.158847453626
21.0814134760493
28.1679017616901
33.7049233386481
10.2874121908806
21.9374332342417
18.9259610629625
14.3211606578339
17.873135414001
21.3895793361739
17.0965709082989
11.2911168228957
7.4791988751536
4.04254900971267
10.1377772108632
7.60609651107983
6.49549042269117
11.419561202706
27.1594517351339
7.33561004198933
19.1705820143946
17.0229888317454
21.0034808778206
34.6381011808566
11.1339925587859
7.69595365019617
6.52430677485367
5.57957284657652
7.74826187128456
10.0689700562214
13.440355847995
4.90801956642454
30.0934724834583
14.5905518251474
11.7421849574742
41.2502911580658
14.4806171102801
10.2827221637628
39.1687084749828
8.48771948083395
6.67235520648127
10.6972752993886
8.81423309944972
8.19046803512411
29.536333157147
12.0330518955356
25.0450402860139
16.5785280778596
30.8027973379617
13.4126007517361
12.601615107142
0 0 0 0 0 0 0 0 0 0 0 0 0 0 0 0 0 0 0 0 0 0 0 0 0 -0.873327884609967 0 0 -0.287443439118448 0 0 0 0 0 0 -3.42892289119488 1.40650840358822 0 0.257342888665246 -0.0802359033564235
0 0 0 0 0 0 0 0 0 0 0 0 0 0 0 0 0 0 0 0 0 -2.8073226052342 0 0 0 0 0 -0.755962883216561 0 0.480073275057953 0 0.316322761504913 0.135217980953661 -2.31401813691149 0.0198176605633387 0.00381570237330952 0 0 0 0
0 0 0 0 0 0 0 0 0 0 0 0 0 0 0 0 0 0 0 0 0 0 0 0 0 0 0 0 0.0363216770677067 0 0 0 0 0 0 0 0 0 0 0
0 0 0 0 0 0 0 0 0 0 0 0 0 0 0 0 0 0 0 0 0 0 0 0 0 -4.00056705478658 -0.617968481926385 0 -3.91810619500469 -2.11656790862765 -2.64395805678563 -3.39743695505217 0 2.5257135858978 0.599291245160493 0 0 -0.241604053139931 1.09357751209658 -0.0330340072884474
0 0 0 0 0 0 0 0 0 0 0 0 0 0 0 0 0 0 0 0 0 0 0.0598421119109733 0 -0.00670426757199278 0 0 0 3.23679073878633 0.574699840681589 0.23211843183644 0.720816764244534 0.289847070953165 0 0 -0.586202059814235 1.10273453399861 -0.00910426131997535 0 0
0 0 0 0 0 0 0 0 0 0 0 0 0 0 0 0 0 0 0 0 0 0 0 0 -0.210590449868501 0 0 -0.205951311154021 3.40862942626174 1.76606593980976 0 0.143735035675748 0.339609749889059 0 0 -0.240698132049157 0.413152333885092 0 0 0
0 0 0 0 0 0 0 0 0 0 0 0 0 0 0 0 0 0 0 0 0 0 0 0 0 0 0 0 0 0 0 0 0 0 0 -2.40687661769477 0.336400441148014 0 0 0
0 0 0 0 0 0 0 0 0 0 0 0 0 0 0 0 0 0 0 0 0 0.414503094503884 0 0 4.42403755679388 0 0.00432344804939504 3.72621970863421 -1.33349070493765 0 -0.905719741218698 0 0 0.22046103681212 -0.108448746191037 0.0937930675970099 0 0.375821024355691 -0.2633113912014 -0.331095182426779
0 0 0 0 0 0 0 0 0 0 0 0 0 0 0 0 0 0 0 0 0 0 -1.63158867700964 0 -1.28205344338231 0 0 -0.150756117206004 0 0 0 0 0 0 0 0.857902136205888 -1.10984466790072 0 0 0
0 0 0 0 0 0 0 0 0 0 0 0 0 0 0 0 0 0 0 0 0 0 0 0 0.080134861254841 0 0 0.352671434977636 -0.105790625339978 0 0 -0.000537411706995811 0 0 0 0 0 0 0 0
0 0 0 0 0 0 0 0 0 0 0 0 0 0 0 0 0 0 0 0 0 0 0 0 0 0 0 0 0 0 0 0 0 0 0 -15.1185306865866 6.92790838733758 0 -1.58067183707185 0
0 0 0 0 0 0 0 0 0 0 0 0 0 0 0 0 0 0 0 0 0 0.77629133900697 0 0 0.258055298375905 0 0 1.23387900520433 -0.00987275545722666 0 0 -0.000523628288735323 0 0.58241014420501 0 0.101179685485354 -0.976495744420348 0 0 0
0 0 0 0 0 0 0 0 0 0 0 0 0 0 0 0 0 0 0 0 0 6.4699171383922 0 0 7.14734064643058 0 0 8.19679482223984 -0.208780915629795 -5.3700555361589 -0.225713034276349 -4.38384883449173 -6.44242441518995 6.02588320962699 -0.602751153830772 0 -3.46159372602763 2.04850064380907 -2.43090442626176 -1.19691213742701
0 0 0 0 0 0 0 0 0 0 0 0 0 0 0 0 0 0 0 0 0 0 0 0 0 -1.81590081217784 -2.11782321333103 0 0 -1.39630467896985 0 0 -0.19468525026274 0.0125655647699021 0 2.07228205401312 -3.40523095689416 -0.0165119755145004 0 0.828066168577318
0 0 0 0 0 0 0 0 0 0 0 0 0 0 0 0 0 0 0 0 0 0 0 0 -0.129954555608816 0 0 -0.0136670500386715 0 0 0 0 0 0 0 2.09384851036027 -0.650722951999765 0 0 0
0 0 0 0 0 0 0 0 0 0 0 0 0 0 0 0 0 0 0 0 0 0 0 0 -0.338829307253363 0 0 -0.00366608967667559 0 0 0 0 0 0 0 0.098378538292131 -0.128735106677878 0 0 0
0 0 0 0 0 0 0 0 0 0 0 0 0 0 0 0 0 0 0 0 0 0 -0.295156172945129 -0.254594696265684 1.2120622637001e-05 3.98195520188851 1.35559217532138 -0.521904107680612 0 0 0 0 0 0 -0.0843415059017911 0 0 0 0 0
0 0 0 0 0 0 0 0 0 0 0 0 0 0 0 0 0 0 0 0 0 0 0 0 0 0 0 0 0 0 0 0 0 -0.610075046782323 0 0.026663627677469 -0.0415746529852003 0 0 0
0 0 0 0 0 0 0 0 0 0 0 0 0 0 0 0 0 0 0 0 0 0 0 0 0 0 0 0 0 0 0 0 0 0 0 0 0 0 0 0
0 0 0 0 0 0 0 0 0 0 0 0 0 0 0 0 0 0 0 0 0 0 0 0 0 0 0 0 0 0 0 0 0 0 0 0 0 -0.0682692569790587 -0.188920000748612 1.14864525586222
0 0 0 0 0 0 0 0 0 0 0 0 0 0 0 0 0 0 0 0 0 0 0 0 0 0 0 0 0 0 0 0 0 0 0 0 0 0 0 0
0 -5.300888632534 0 0 0 0 0 2.92202534076016 -0.546290809264635 1.1119921241641 0.0632481812246395 3.24942495487516 5.0027452691559 0 -0.157249442925594 0 0 -0.793688045259865 1.15811272592391 0 0 0 0 0 0 0 0 0 0 0 0 0 0 0 0 0.169518111386963 0 6.16658251714966 0 -3.7690329945259
0 0 0 0 0 0 0 0 -2.68068107203506 0 0 0 0 0 0 0 -1.57425484851724 0 0 0 0 0 0 0 0 0 0 0 0 0 0 0 0 0 0 0 0.283368707170403 0.460278497616946 -0.00113254227624113 -0.339227710351598
0 0 0 0 0 0 0 0 0 0 0 0 0 0 0 0 -1.14537550241854 0 0 0 -0.595361621540383 0 0 0 0 0 0 0 0 0 0 0 0 0 0 -0.35374530879391 0.578899267458886 3.17777908413319 -3.02375838317951 -1.65650263491703
0 -2.64616953627198 -5.74214411348196 0 -0.169799309140462 -1.08256938014307 0 7.63452890469651 -4.58555814609638 3.12298272401327 0 3.43415801589049 6.3831378788407 0 -2.53999774585082 -4.60278264432066 3.59461562151672 0 0.153620283033828 0 -4.80752310279466 0 0 0 0 0 0 0 0 0 0 0 0 0 0 0.800354851656948 0.792190626603156 6.39875935056878 -4.84207908198462 -2.61837369370601
-0.204642750752956 0 0 -1.58885806658359 0 0 0 0 0 0 0 0 0 -0.537701347557505 0 0 5.96233735258081 0 0 0 0 0 0 0 0 0 0 0 0 0 0 0 0 0 0 0 0 0 0 0
0 0 0 0 0 0 0 0 0 0 0 0 0 -0.542816206953496 0 0 2.32881275891778 0 0 0 0 0 0 0 0 0 0 0 0 0 0 0 0 0 0 0 0 0 0 0
0 -3.81618713093258 -6.10686408006516 0 0 -0.951694452127944 0 6.8004001753067 -3.31794993868992 4.28358130332728 0 4.27367084148872 7.29628117341968 0 -1.95094356814402 -3.58830806221831 -3.81769636542981 -0.311135630299264 1.39281768411534 0 -2.48950692348181 0 0 0 0 0 0 0 0 0 0 0 0 0 0 2.51433022048733 0.0874031523050798 6.17029071832398 -4.0978975698708 -1.03494304687894
-0.978789158592475 0 1.81112328924542 -2.67199748677974 3.59413844942612 5.29431138715264 0 -1.64785459117004 0 -1.29021038933528 0 -0.210451904071893 0 0 0 0 0 0 -1.47811242320841 -0.724559994716111 0 0 0 0 0 0 0 0 0 0 0 0 0 0 0 0.363779805593154 -0.502032429020811 -0.223710936678139 0.382488392232995 0.16511713514112
0 0.397670279425454 0 0 0 1.3602158706514 0 0 0 0 0 0 -0.64068302048474 0 0 0 0 0 0 0 0 0 0 0 0 0 0 0 0 0 0 0 0 0 0 0 0 0 0 0.246859934996764
0 0 0 -4.28179259416337 0.3262908218784 0 0 -1.82138698229285 0 -1.03731298010999 0 0 0 0 0 0 0 0 0 0 0 0 0 0 0 0 0 0 0 0 0 0 0 0 0 0 -3.43625335468628 -4.9849619019717 3.70440644262771 4.53014321390124
0 0.612817538124521 0.202635493461122 -2.58802923830798 1.27828878274404 0.728176392216877 0 0 0 -1.28806753367376 0 -0.0893416094805192 -1.73060630092093 0 0 0 0 0 -0.805410620015263 0 0 0 0 0 0 0 0 0 0 0 0 0 0 0 0 -0.0503713983017343 -0.394086033056328 -0.814801908207553 1.20157960847714 1.12507651734443
0 0.171016608866771 0 0 0.365590699781944 0.60104670588768 0 0 0 0 0 0 -3.04892401141124 0 0 0 -0.421606707843116 0 0 0 0 0 0 0 0 0 0 0 0 0 0 0 0 0 0 -1.65827956236816 -0.00862895272527347 -1.84971792566716 0 2.60195574407077
0 -5.85445493081958 0 3.72380809596312 2.26905065551689 0 0 3.77485404967664 0 2.33565946865369 0 4.10241452668145 5.60558210699895 0.503592049536994 -0.71169620274795 -0.00133139053378261 0 -3.25409485660503 0.076762304399978 0 0 0 0 0 0 0 0 0 0 0 0 0 0 0 0 2.02362077384844 0 3.77132914381248 0.554480099953751 -3.2287615398186
0 0.0375566769252376 0 0.478705490771243 0 0 0 -0.00529331950927996 0 0 0 0 0 0 0 0 -1.48558213361681 0 -0.383071661800488 0 -1.09831165251206 0 0 0 0 0 0 0 0 0 0 0 0 0 0 -4.2016603205163 1.04713451654065 -7.08678571032703 6.67164182715704 1.41040502242977
-12.7340578600936 4.53355462390343 1.16969119611354 0 -4.76123342001955 -4.58206876208314 -13.4545877278514 0.0196430933477937 8.74684708500243 -5.76937562521337 -20.1658498012462 0.597826712029452 0 7.8565183275204 12.3684962520751 9.66859662692634 3.16940368008948 8.7414591863033 -4.42891293178883 5.64821265098449 8.95017918073828 7.03239862559314 -1.08400337801744 -2.08440302290717 8.94753751601404 8.57797527589367 3.44456665231574 10.7978237660746 4.84957961513966 -4.10203917211817 0 -7.22864646098534 -12.2310158501821 9.82690177324364 -9.8978040998781 0 0 4.81232444238787 -4.43172114194377 -3.35499877242049
3.80027948648094 0 0.897187749900618 0 5.82953842866042 6.79771133878377 3.61972599993154 0 -3.56720836748391 0 7.0706009463482 -6.58814576539084 -5.17504636923561 -6.92516527009444 -2.4942042256312 -2.04989694443047 -0.203835684170474 -1.35738225239729 1.08405749419924 0 -0.366331087720471 1.73314573745334 4.96770095466603 2.26376031226499 3.26984603740109 -0.0930895301068402 1.55357158968904 0.74021535648276 -2.06352950815659 0 -5.33372629374434 -4.74224435820387 -4.0387342509714 0 1.20302235012474 0 0 0 0.0774675421609186 0
0 0 -2.75460909981825 -1.42588463567765 -7.683977474445 0 0.648149302534478 7.79873449134502 0 2.10728892572616 0 5.6895558480525 6.50251732914453 -1.0057824874871 0 0 -0.48544368170453 0 0 -6.00800855784305 0 14.5968162635024 10.4419554500119 11.0110508683865 14.1260239952752 -2.41859120271758 -7.1420652435233 14.0338662442606 -4.99806012491213 -10.0076321588241 -11.678742457234 -6.30432362123975 -11.786019480826 11.154692123557 -12.6250116778249 4.3924064227372 3.01205261183487 0 0 0
1.6151725529892 0 0 4.49058838942955 0 -1.05105755995047 0 -0.664286569975148 0 2.9427852146968 -2.52645135742267 0 -3.65661626275376 0 0 0 -0.554818324501581 1.94043304429059 1.65556113220562 -5.11030218074338 -0.16921518516998 0 -1.16800014832022 -5.4546926799226 -7.16700623918079 0 -3.77897424533507 -6.55421549284803 2.26416901995634 -4.04761182168244 5.44915112808398 5.39276519398888 0 2.34333755800617 7.01395008251901 -0.163680124501232 0.797937777428513 0 0 0
-1.92708408751238 -0.963016237852068 -1.5780750462137 -0.198785279876889 -1.55123627075384 -2.21394333415375 -0.938288022400255 -1.57131786531071 0 0 0 -0.0826979656310674 -0.138711189690894 3.55410096809645 -0.876870138775631 -0.00838896766177056 0 0.731763850512975 -0.728033600144043 3.81703328876115 -0.0729195727683696 -5.7737651747728 -3.43811791005871 -3.12233389406145 -3.9620083440484 0 0 -1.91127714489053 0.667483388337856 2.97135292817683 5.31076023225857 4.35213443575721 6.43903792454409 -4.20888776821517 1.81724720778313 -0.151361339440852 0 0 0 0
