11.5939758299639
18.9273890850781
18.1084163852393
13.4775765431151
22.1600245625214
20.4369472253782
8.5798861498008
9.63253835457484
17.6613989042457
8.28133920325662
14.0997515498119
9.24586621308231
12.8803783810304
11.6139496540877
15.1119664985533
14.9399261551825
21.4022268552697
11.2263330354627
5.32933185702812
9.50376533628784
15.1642485189993
11.3973403306965
10.1937171240686
14.0421421833066
12.1863480498
9.06280163688602
11.3083584108341
12.1700374507244
21.1182623892573
28.2263316152953
22.8272842221932
30.1291609974198
35.4962101703187
12.3721613445223
23.7973010014294
20.8877242826525
16.3573555741459
20.0322302778259
23.3733544525348
19.1902725723074
12.9170480263104
9.5533190813578
5.93204877659139
12.3036656588794
9.54963621169062
8.76956734076051
12.7591219508998
29.2919808975971
8.8889480115809
21.3341113959737
18.3204433754863
22.9360042782918
36.9765942890507
12.9571225613998
9.40528066625707
8.07009951167865
7.81845432663888
9.59376435786231
12.1236635583485
15.0772248083316
6.43180376707119
31.9809991077467
16.2904733160734
13.3378578640581
43.3376695190446
16.2635026792954
11.8597914706317
41.3074758611175
10.7065269948452
8.73951254308298
12.442819223568
10.775165510157
9.9814280396718
31.6207554989261
13.8925928409224
27.0064733778
18.6148844185546
32.9615623348087
15.3961765212505
14.6961747962813
0 0 0 0 0 0 0 0 0 0 0 0 0 0 0 0 0 0 0 0 0 0 0 0 0 -1.21541210155314 0 0 -0.275659779470623 0 0 0 0 0 0 -3.66168578457855 1.65097399264376 0 0.453801065498546 -0.145378743805664
0 0 0 0 0 0 0 0 0 0 0 0 0 0 0 0 0 0 0 0 0 -3.58851594580636 0 0 -0.00631632748420914 0 0 -0.990639924762216 0 1.16087167317716 0 0.972546674117297 0.660927668030283 -3.12367442916945 0.353829653073172 0.117266439722812 -0.115033215471349 0 0 -0.00487169780291652
0 0 0 0 0 0 0 0 0 0 0 0 0 0 0 0 0 0 0 0 0 0 0 0 -0.00605603180168823 0 0 -0.0325403947774916 0.342014963050298 0 0 0 0 0 0 0 0 0 0 0
0 0 0 0 0 0 0 0 0 0 0 0 0 0 0 0 0 0 0 0 0 0 0 0 0 -4.58813953188785 -1.28071756961107 0 -4.08469414434696 -2.39944157605286 -3.07426133935152 -3.72777475031778 0 3.39692856630367 1.41884986451741 -0.152759885386216 0 -0.441956563976497 1.63881300886969 -0.141844724812007
0 0 0 0 0 0 0 0 0 0 0 0 0 0 0 0 0 0 0 0 0 0 0.399835164454029 0 -0.368137349822491 0 0 0 3.70907449108253 0.8092968286098 0.696528224175304 1.05765012946657 0.549779386608823 0 0 -0.865410366201903 1.51257089400343 -0.051803373964319 0 0
0 0 0 0 0 0 0 0 0 0 0 0 0 0 0 0 0 0 0 0 0 0 0 0 -0.720433647000014 0 0 -0.683164065548131 4.22602936988312 2.29509485512276 0.00449500920888678 0.477915721617086 0.779345073728672 0 0 -0.542909760000176 0.973476359452451 0 -0.0367645760755929 -9.84788583670514e-05
0 0 0 0 0 0 0 0 0 0 0 0 0 0 0 0 0 0 0 0 0 0 0 0 0 0 0 0 0 0 0 0 0 0 0 -2.51292767061074 0.437167912100833 0 0 0
0 0 0 0 0 0 0 0 0 0 0 0 0 0 0 0 0 0 0 0 0 1.00730753658067 0 0.00117042947554439 5.23930102128192 0 0.302027333200472 4.49332119603385 -1.98649112376496 0 -1.55076884320479 0 0 0.543964635758257 -0.509012730926485 0.259497395598868 0 0.732579945918607 -0.547826162986968 -0.530663357116513
0 0 0 0 0 0 0 0 0 0 0 0 0 0 0 0 0 0 0 0 0 0 -1.73728480877918 0 -1.34827209448788 0 0 -0.0994884053643399 0 0 0 0 0 0 0 0.973922089180725 -1.22430195450643 0 0 0
0 0 0 0 0 0 0 0 0 0 0 0 0 0 0 0 0 0 0 0 0 0.0294912105119018 0 0 0.388266398158926 0 0 0.841927601712452 -0.381497014449232 0 -0.102639537030484 -0.174865290145139 0 0 0 -0.023758364556048 0 0 0.0323239591233261 0
0 0 0 0 0 0 0 0 0 0 0 0 0 0 0 0 0 0 0 0 0 0 0 0 0 0 0 0 0 0 0 0 0 0 0 -15.2274844483886 7.05969463913295 0 -1.52447103649871 0
0 0 0 0 0 0 0 0 0 0 0 0 0 0 0 0 0 0 0 0 0 1.15016432469291 0 0 0.664349681797787 0 0 1.66225677080736 -0.224808462220481 0 0 -0.220216573006911 0 0.686989038427921 -0.0490224994290364 0.256197765181203 -1.28160646694231 0.0340345211885226 0 -0.0293795654258505
0 0 0 0 0 0 0 0 0 0 0 0 0 0 0 0 0 0 0 0 0 7.50947940755295 0.255846997277164 0 8.26950801861954 0 0 9.34413596279886 -0.532927159831963 -6.42534410464839 -0.58688943029943 -5.41195691807417 -7.65051172945641 6.78565208499971 -1.15481138493267 0 -3.89709081199812 2.66308753918924 -3.0333912495495 -1.57542161100169
0 0 0 0 0 0 0 0 0 0 0 0 0 0 0 0 0 0 0 0 0 0 0 0 0 -2.23345712006966 -2.70913705199245 0 0 -1.55984630250382 0 0 -0.41995723580987 0.29682361242549 0 2.23920375586778 -3.58635191557192 -0.128165936959811 0 1.1676665048694
0 0 0 0 0 0 0 0 0 0 0 0 0 0 0 0 0 0 0 0 0 0 0 0 -0.108459321426935 0 0 0 0 0 0 0 0 -0.00582869528555304 0 2.32081728382325 -0.819768395083437 0 0 0
0 0 0 0 0 0 0 0 0 0 0 0 0 0 0 0 0 0 0 0 0 0 0 0 -0.465148020672329 0 0 0 0 0 0 0 0 0 0 0.142335273433181 -0.168912140885374 0 0 0
0 0 0 0 0 0 0 0 0 0 0 0 0 0 0 0 0 0 0 0 0 0 -0.821351395028907 -0.759924335487943 0.179963540767442 5.29556460624419 2.34694891116905 -1.03745344293333 0 0 0 0 -0.0166789222405315 0 -0.325824319742474 0.0387261846542618 -0.0542650596541274 0 0 0
0 0 0 0 0 0 0 0 0 0 0 0 0 0 0 0 0 0 0 0 0 -0.0517735218357446 0 0 0 0 0 0 0 0 0 0 0 -0.978091706419988 0 0.109538034739502 -0.128588462957504 0 0 0
0 0 0 0 0 0 0 0 0 0 0 0 0 0 0 0 0 0 0 0 0 0 0 0 0 0 0 0 0 0 0 0 0 0 0 0 0 0 0 0
0 0 0 0 0 0 0 0 0 0 0 0 0 0 0 0 0 0 0 0 0 0 0 0 0 0 0.101936096798715 0 0 0 0 0 0 0 0 0 0 -0.108282169802696 -0.397562219748501 1.59184588977577
0 0 0 0 0 0 0 0 0 0 0 0 0 0 0 0 0 0 0 0 0 0 0 0 0 0 0 0 0 0 0 0 0 0 0 0 0 0 0 0
0 -5.87729482090997 0 0 0 0 0 3.12937308615821 -1.24996982024774 1.49253089580107 0.531285530019796 3.51673317448807 5.48838834843015 0 -0.565765525554697 -0.0486312394937684 0 -1.35656829377791 1.54691169861961 0 0 0 0 0 0 0 0 0 0 0 0 0 0 0 0 0.210506194188712 0.00394213146881403 6.43053955910944 0 -4.04130627904594
0 0 0 0 0 0 0 0 -2.81615673629139 0 0 0 0 0 0 0 -1.84351342872678 0 0.180741277408471 0 0 0 0 0 0 0 0 0 0 0 0 0 0 0 0 0 0.35179595364845 0.653555992159633 -0.0232359538873149 -0.363912848832292
0 0 0 0 0 0 0 0 0 0 0 0 0 0 0 0 -1.42883152459925 0 0 0 -0.718935344623064 0 0 0 0 0 0 0 0 0 0 0 0 0 0 -0.332262817911702 0.573957876793224 3.32116772896446 -3.0654825549622 -1.6284162008824
0 -2.95533363056609 -6.47599470697419 0 -0.953085199351589 -2.00631697051925 0 8.30819942569562 -5.21289152889958 3.85420468689963 0 3.9777513864291 7.1952498143329 0 -3.13838884162479 -5.32015679329578 4.23604310486941 0 0.570367784192965 0 -5.49903693513041 0 0 0 0 0 0 0 0 0 0 0 0 0 0 1.05950575735131 0.975729106452785 6.84306265393622 -5.20748101417773 -2.91673130130454
-0.524194906011898 0 0 -1.91517075868698 0 0 0 0 0 0 0 0 0 -0.762977999196409 0 0 6.60996490123053 0 0 0 0 0 0 0 0 0 0 0 0 0 0 0 0 0 0 0 0 0 0 0
0 0 0 0 0 0 0 0 0 0 0 0 0 -0.832886727624391 0 0 2.8265834100088 0 0 0.000347674045750729 0 0 0 0 0 0 0 0 0 0 0 0 0 0 0 0 0 0 0 0
0 -4.13436844499698 -6.83229853878038 0 -0.0521195224173812 -1.83962715157249 0 7.47033639074252 -3.87222463007102 5.06431093197118 0 4.88377526573365 8.17799454880714 0 -2.48986288392455 -4.2723914182985 -4.53065598126253 -0.544482711329086 2.0893198884837 0 -3.01533319406587 0 0 0 0 0 0 0 0 0 0 0 0 0 0 2.79684121084948 0.217319998677916 6.62901903940086 -4.47841923224546 -1.33459885891841
-1.39492276493589 0 3.02459287136958 -3.09633972422504 4.29162344197596 5.98129479397219 0 -2.42699552569647 0.000105641231704742 -1.86881918278534 0 -0.70540435349937 0 0 0 0 0 0 -1.84002240012431 -1.3112293571679 0.194894377168648 0 0 0 0 0 0 0 0 0 0 0 0 0 0 0.584970962446379 -0.770254110644952 -0.462771906749239 0.637400287086743 0.354559075626056
0 0.900984231279862 0.0630610352771181 0 0 1.69010576680858 0 0 0 0 0 0 -1.21688712832648 -0.0419535998007267 0 0 0 0 0 0 0 0 0 0 0 0 0 0 0 0 0 0 0 0 0 -0.00317795649024212 0 -0.0106806887409376 -0.025447285028164 0.521048523934233
0 0 0.0516988271974993 -4.43493149243993 0.822621501823812 0 0 -2.33662518419027 0 -1.33011149509618 0 0 0 0 0 0 0 0 0 0 0.058529827207329 0 0 0 0 0 0 0 0 0 0 0 0 0 0 0 -3.4855083440515 -5.22910326640466 3.87575231396002 4.65168932928683
0 1.32727027937556 0.729491086109248 -2.96376561756412 1.77967152596742 1.32662620988258 0 0 0 -1.86431440517012 0 -0.567861860652321 -2.32576426869072 0 0 0 0 0 -1.10373172274692 0 0 0 0 0 0 0 0 0 0 0 0 0 0 0 0 -0.124536028141243 -0.568620735142277 -1.05571922101974 1.5087586918307 1.38167853709919
0 0.576956000510256 0.158303591846066 0 0.636006442196358 1.16796557720903 0 0 0 0 0 0 -3.67554874896805 -0.0656184253030272 0 0 -0.763134527982027 0 0 0 0 0 0 0 0 0 0 0 0 0 0 0 0 0 0 -1.75924512906379 -0.0375917981014881 -2.07744496287239 0 2.86118208487815
0 -6.64420725804431 0 4.76209896064646 2.32779130486845 0 0 3.89778413910708 0 2.60019902134458 0.122209913403942 4.28531184199437 5.99631497964815 1.33399032598205 -1.41084734203071 -0.362082710989625 0 -4.16058945348993 0.212692460257914 0 0 0 0 0 0 0 0 0 0 0 0 0 0 0 0 2.2760386318055 0 4.04142719445702 0.798095554302494 -3.65585051168947
0 0.389078781134497 0 1.34613409663866 0 0 0 -0.257352392722839 0 0 0 -0.134924291378208 -0.00746467224044569 0 0 0 -1.92230798499422 0 -0.712136090627973 -0.0255535002920657 -1.35046608732435 0 0 0 0 0 0 0 0 0 0 0 0 0 0 -4.38395333371895 1.25998378883748 -7.34033401475609 6.86606412898888 1.6315204671096
-13.3163963375181 4.63547793668584 1.21072256203263 -0.0514622241449288 -5.19038466553219 -4.90321167815943 -14.1701099404577 0.082922479613179 9.28189264795888 -6.03536535442239 -20.9509984566869 0.904682030478921 0 8.27847323040722 12.7396411286161 10.2198753845282 3.37953153235647 9.19066596473568 -4.80366877531329 5.87953321530752 9.38468430690521 7.17075737253444 -1.4950579865299 -2.57380794641085 8.84759245821931 8.90469161307405 3.59695061907948 10.6768111214227 5.05687429412498 -4.26405438245694 0 -7.25656791743522 -12.2472609219234 9.77920423373849 -10.0943276404506 0 0 4.73917639306418 -4.49566892477355 -3.35690283651342
4.36218427356247 -0.0329182638969403 1.04892539556474 0 6.10752627757999 6.8661418587851 4.33179924338179 0 -4.11722597112628 0 7.82418596464904 -6.7588875759666 -5.011194140585 -7.346330730328 -2.93667666998735 -2.61834776334949 -0.420482605722081 -1.81575930751113 1.44265747091876 0.218506680795608 -0.807623182610288 1.79810485914777 5.29256754270839 2.71936732232419 3.16409063932635 -0.440797705192396 1.61088233273358 0.68937352308968 -2.24982676454754 0 -5.54145727050584 -4.75034018635423 -4.18978399262773 0 1.34655220834249 0 0 0 0.122891814191187 0
-0.100863554303102 0 -2.94271454332707 -1.92313134926118 -8.00156422762809 0 1.35662631695406 8.34547436261481 0 2.28505537282222 0 6.13654465884366 6.90774861745004 -1.70096901074749 0.10948875459637 0 -0.637572540332285 -0.276879665660777 0 -6.74140779986339 0 14.9736951439116 11.0356262290251 11.7564681410824 14.4393853839023 -2.64836169816016 -7.2917078824643 14.3172249790719 -5.42862066877103 -10.3770837501507 -12.2485925875972 -6.78375737166493 -12.1555499703386 11.352828825488 -13.1143244075855 4.54741242216217 2.99645474303663 0 0 0
2.3008021865641 0 0 4.9088460483429 0 -1.20189882122987 0 -0.939323041278585 0 3.22065931291766 -2.99163512053851 0 -3.71802214497112 0 0 0 -0.622179699824212 2.27961887438896 2.03475756564391 -5.61127972427433 -0.420943141816484 0 -1.5874755732055 -5.93634189653085 -7.23936267359446 0 -3.9279621444167 -6.59733597518953 2.43744553527475 -4.34216941308041 5.77522136695753 5.52986183748159 0 2.53863442659828 7.28080299059362 -0.177364733004051 0.821399245441011 0 0 0
-2.51177989337866 -1.00693857903558 -1.50278206335218 -0.379481990044224 -1.54738672487079 -2.22344579800022 -1.48059265990705 -1.73025328435232 0 0 0 -0.310114111909808 -0.136515317630944 4.20799222609814 -1.12669607847588 -0.168660416905798 0 1.19565318243151 -0.916108341038772 4.79325225287283 -0.145725949218862 -6.0991701758688 -3.85926480313379 -3.63304003605291 -4.06949502048098 0 0 -2.0119600083301 0.888945673284059 3.33276133257545 5.68936989743021 4.54099319789592 6.80796336922611 -4.50441664883363 2.04265620275833 -0.194062041395059 0 0 0 0
