2.22630996804268
4.35182095654296
4.27384973147041
3.17650200509467
5.18890680132323
4.99510079252322
1.60116862879617
1.19692831872641
3.71768616497943
1.26894588778546
2.77509877502248
1.35398832839633
1.48959401363715
2.24556168422406
3.01918612375833
3.06429606656946
5.40210651019406
2.51799863235194
0.792345758892959
1.63015936367207
3.61056246778921
1.35203218354812
1.59568572507012
2.59354487802065
1.19396122864787
1.54639269889486
2.37408938183503
1.31342505999355
5.54897188285949
8.19029945542872
5.22946510524515
8.48734554537948
10.3289690225223
1.73382673859071
6.00132844666319
3.2617085839824
2.68738261913386
2.3050171259282
7.62996706739023
5.10925921838263
2.55296077362546
1.598582234514
0.719128472403813
2.32696996027299
1.39188306471428
1.75163929477214
2.93573458773476
7.07783909851725
1.25285824577362
5.08351362771511
4.20041927980202
5.51796864771204
8.67749146861413
2.79422192399915
1.15772648096728
0.845770243867116
1.32746755582474
1.79279663178776
2.86405930991518
3.25593741961363
0.965442373625751
8.70031672083055
3.7992440308933
2.26438790502033
12.8406436329516
4.09720258134998
2.6544793782841
12.0870145352546
1.65254317226367
0.849943788363028
1.65054532379507
1.51305531136837
1.28799935966476
8.37478392292013
2.25319290026062
8.29084676974004
4.5649761209958
11.4600617983925
1.87071219244291
1.87669422546849
0 0 0 0 0 0 0 0 0 0 0 0 0 0 0 0 0 0 0 0 0 0 0 0 0 -0.213922122257149 0 0 -0.418137716952106 0 0 0 0.000228068203352453 0 0 -0.542974732606362 0.25200269758578 0 0.000930864986585122 0
0 0 0 0 0 0 0 0 0 0 0 0 0 0 0 0 0 0 0 0 0 -0.631530247605033 0 0 -0.463262286760098 0 0 -0.541764369910657 0.236849001326993 0.905205941710947 0.110244518820611 0.411460334539735 0.129104148768485 -1.06450475627718 0.215491966369172 0.0419460161996998 0 0 0 -0.0364795447118581
0 0 0 0 0 0 0 0 0 0 0 0 0 0 0 0 0 0 0 0 0 0 0 0 0 0 0 -0.00847532245676547 0 0 0 0 0 0 0 0 0 0 0 0
0 0 0 0 0 0 0 0 0 0 0 0 0 0 0 0 0 0 0 0 0 0 0 0 0 -1.23294398312587 -0.677989699164739 0 -1.10516804313633 -0.647256125042192 -0.0231965658968555 -0.678986441955223 0 1.23778997794775 0.663625329866467 0 0 -0.037001501312409 0.605627523942396 0
0 0 0 0 0 0 0 0 0 0 0 0 0 0 0 0 0 0 0 0 0 0 0.162097321696119 0 -0.484625994018632 0 0 -0.434612900959173 0.763130949386248 0.557260529411021 0.228704212132251 0.0161129987285563 0.482002807125926 0 0 -0.0418853655342985 0.0479248155509403 0 0 -0.224052043542411
0 0 0 0 0 0 0 0 0 0 0 0 0 0 0 0 0 0 0 0 0 -0.358947251884879 0 0 -0.727856178581052 0 0 -0.724590400187884 1.30862109027064 0.506851165338058 0 1.09026714956404 0.3511798520533 -0.569105311339397 0 -0.122197172478179 0.720419350271584 0 0 -0.037205019838769
0 0 0 0 0 0 0 0 0 0 0 0 0 0 0 0 0 0 0 0 0 0 0 0 0.0883351996796232 0 0 0 0 0 0 0 0 0 0 -0.34121036563794 0.0873618185221368 0 0 0
0 0 0 0 0 0 0 0 0 0 0 0 0 0 0 0 0 0 0 0 0 0.036604501922466 0 0 1.03175278142922 0 0 0.828088993216438 -0.339798965291312 0 -0.216177288978 0 0 0.0043138075723664 0 0 -5.52684893384014e-05 0.000559520829465889 0 -0.0414093266275288
0 0 0 0 0 0 0 0 0 0 0 0 0 0 0 0 0 0 0 0 0 -0.186535538729231 -0.287045967956607 0 -0.227408979575246 0 0 0 0.128895636209968 0 0 0 0 0 0 0.0260622825503704 -0.118188429075879 0 0 0
0 0 0 0 0 0 0 0 0 0 0 0 0 0 0 0 0 0 0 0 0 0.0638337892436533 0 0.00269912299478573 0.401294442859636 0 0 0.462214505981638 -0.274566422905887 -0.167963835490196 -0.0478677164392689 -0.107433932285884 -7.61397773471454e-05 0.0322624435305557 -0.0247228531963436 -0.0106246371046823 0 0 0 0
0 0 0 0 0 0 0 0 0 0 0 0 0 0 0 0 0 0 0 0 0 0.0252143113472468 0 0 0 0 0 0 0 0 0 0 0 0 0 -3.47047831929023 1.572175389137 0 -0.358086292879256 -0.147710691451066
0 0 0 0 0 0 0 0 0 0 0 0 0 0 0 0 0 0 0 0 0 0.326920049028528 0 0 0.225661603026336 0 0 0.592432498183141 -0.175968820715654 -0.307020244044263 0 -0.302868758122289 -0.0431144678304463 0.000315027638004785 -0.0113932535854629 0 -0.395197197612112 0 0 0
0 0 0 0 0 0 0 0 0 0 0 0 0 0 0 0 0 0 0 0 0 1.50153023508311 0.404940160050107 0 1.25928494287375 0 0 1.19117611621427 -0.481127642090561 -1.62911273301535 -0.409661975735364 -0.852655637038262 -1.38299044755691 0.915567847824899 -0.0882678647463117 0 -0.843164603547695 0.322627484551157 -0.224415747438388 -0.077050038628328
0 0 0 0 0 0 0 0 0 0 0 0 0 0 0 0 0 0 0 0 0 0.00638457017383004 0 0.0485751573782112 0 -0.452649916518349 -0.100520902864826 0 -0.0116510119310273 0 0 0 -0.402195865671833 0.480307515681746 0 0.373383903835527 -0.811312197612868 -0.00202386614615393 0 0.671425806243412
0 0 0 0 0 0 0 0 0 0 0 0 0 0 0 0 0 0 0 0 0 0 0 0 0 0 0 0 0 0 0 0 0 0 0 0 -0.000744451137816942 0 0 0
0 0 0 0 0 0 0 0 0 0 0 0 0 0 0 0 0 0 0 0 0 0 0 0 0 0 0 0 0 0 0 0 0 0 0 0 0 0 0 0
0 0 0 0 0 0 0 0 0 0 0 0 0 0 0 0 0 0 0 0 0 0 -0.255069922208709 -0.207346216543108 0.0107930805587826 1.04741308992525 0.451473513943388 -0.256112807341899 0 0 0 0 -0.0655928160811124 0 0 0.00986820380853099 -0.0188364329246236 0 0 0
0 0 0 0 0 0 0 0 0 0 0 0 0 0 0 0 0 0 0 0 0 -0.331496032014327 0 0 0 0 0 0 0 0 0.00377762460420528 0 0.00369700356907668 -0.11778515620841 0 0 0 0 0 0
0 0 0 0 0 0 0 0 0 0 0 0 0 0 0 0 0 0 0 0 0 0 0 0 0 0 0 0 0 0 0 0 0 0 0 0 0 0 0 0
0 0 0 0 0 0 0 0 0 0 0 0 0 0 0 0 0 0 0 0 0 0 0 0.0463067830506798 0 -0.0577195316031139 0 0.0239712044887042 -0.00697074927372207 0 0 0 0 0 0 0.00204939517354248 0 0 -0.45777329727817 0.233935086372023
0 0 0 0 0 0 0 0 0 0 0 0 0 0 0 0 0 0 0 0 0 0 0 0 -0.135763649472267 0 0 0 0 0 0 0 0 0 0 0 0 0 0 0
0 -0.535824057649686 0 0 0 -0.0930887920638815 0 0.302004585821729 -0.520022828199327 0.164409336715201 0.115609116966466 0.606615889770203 1.1646220044104 0.0142392334202782 0 -0.163905611350291 -0.000739830252493631 -0.331523664608357 0.29302484281436 0 0 0 0 0 0 0 0 0 0 0 0 0 0 0 0 0.0213572595651258 0.000349702834309345 1.33271366592794 0 -0.59376438875591
0 0 0 0 0.25029957430962 0 0 0 -0.597825741159518 0 0 0 0.155982557563162 0 0 0 -0.539384214753144 0 0 0 0 0 0 0 0 0 0 0 0 0 0 0 0 0 0 0 0.131162359614407 0.319630915150989 -0.0609315931553744 -0.238748137376963
0 0 0 0 0 0 0 0 0 0 0 0 0 0.0255254978888929 0 0 -0.712561248379118 0 0 0.0948367408860636 -0.00106772068769298 0 0 0 0 0 0 0 0 0 0 0 0 0 0 -0.00431085504133459 0.0104470775272905 0.601569680335168 -0.738884473966427 -0.189351776279382
0 -0.363964178309768 -0.899409821807792 0 -0.557991173022189 -0.388758425819292 0.355087870091 1.48973906704577 -0.537631659491865 0.813914990443949 0.00969674838646471 0.457691534526453 0.87974918348118 0 0 -0.68635846948013 0.0439458010707485 0 0.575660220845395 0 -0.91628155399341 0 0 0 0 0 0 0 0 0 0 0 0 0 0 0.0625274754886971 0 1.20753293341588 -0.64721604193165 -0.305768699208882
-0.106649481060121 0 0 -0.795203511552604 0 0 0 0 0 0 0 0 0 -0.180871882700595 0 0 1.5568988836578 0 0 0 0 0 0 0 0 0 0 0 0 0 0 0 0 0 0 0 0 0 0 -0.0888952364755127
0 0 0 -0.34967709982086 0 0 0 0 0 0 0 0 0 0 0 0 0.999344069578695 0 0 0 0 0 0 0 0 0 0 0 0 0 0 0 0 0 0 0 0 -0.00958576895808005 -0.46149522742319 0
0 -0.641898023774414 -1.44478349126184 0 -0.698441824201372 -0.585371447090828 0.0555255603998843 1.48350335106875 -0.254934247381184 1.06312206639693 0 1.02229329566455 1.00588555936017 0 -0.481223955611666 -0.834844875934029 -0.750159927716398 0 0.779972605955026 0.259979982689609 -0.59363384369892 0 0 0 0 0 0 0 0 0 0 0 0 0 0 0.706715803401332 0 1.54460436591033 -0.843238677387124 -0.162476633102784
-0.288409647833891 0.25073825168082 0.78319999937852 -0.604359903358932 0.999172462744174 1.15627401729922 0 -0.852742323081441 0.57689900925333 -0.770480308488075 0 -0.493857527799023 -0.2488024792304 -0.0396451495826694 0 0 0 0 -0.0441951668664512 -0.119090248454795 0.435601829840457 0 0 0 0 0 0 0 0 0 0 0 0 0 0 0.0643304924912685 -0.137938095051982 -0.00338437086162737 0 0
0 0 0.168093474022586 0 0 0.0119805636699371 0 0 0 0 0 -0.00304155418527764 -0.292493728248445 0 0 0 0 0 0 0 0 0 0 0 0 0 0 0 0 0 0 0 0 0 0 0 0 0 0 0.00400002773236657
0 0.145523432346054 0 -0.0718080056691854 0.626212824776656 0 0 -0.961454995462991 0 -0.759573651273729 0 0 -0.313806451132621 0 0 0.0107909612155604 0 0.132410267922115 0 0 0.171402854262264 0 0 0 0 0 0 0 0 0 0 0 0 0 0 -0.011104187857465 -0.615776721977395 -0.830796013455174 0.794897618499117 0.846816809415617
0 0.411409281642814 0 -0.167540775228783 0.116177275336746 0.751337589732459 0 0 0 -0.464535353263971 0 -0.470127207538979 -0.461570330145144 0 0 0 0 0.173264877288299 -0.352499745815986 0 0 0 0 0 0 0 0 0 0 0 0 0 0 0 0 -0.0953935553540928 -0.0580702561187111 -0.265870714627005 0.466775876231134 0.297586305587019
0.0386439862412031 0.0598358430035425 0.488389386354648 0 0.440782443103439 0.148114716498169 0 0 0 -2.70949680366134e-05 0 -0.0743137038874384 -0.847141825139313 -0.0899322198230749 0.0155952607474645 0 -0.244696762645322 0.133068028789709 0 0 0 0 0 0 0 0 0 0 0 0 0 0 0 0 0 -0.682142601507578 0 -1.02610902413043 0 0.831337095629268
0 -1.60493123510447 0 1.24799523087098 0 -0.859809669385005 0 0.77554611889267 0 0.362015939707376 0 0.736461897350188 1.17118176638158 0.707119301615178 -0.327662622462874 0 0 -0.774378732545345 0 0 0 0 0 0 0 0 0 0 0 0 0 0 0 0 0 0.795193890277736 0 0.978322790791406 0.087834228446521 -0.42829420151752
0 0.839194074573643 0 0.975394458319405 0 0 0 -0.22624337171514 0 -0.15760892432441 0 -0.232526390129607 -0.255779653534721 0 0 0 -0.576267315359452 0 -0.655520533472742 -0.139517028705254 -0.228489406372932 0 0 0 0 0 0 0 0 0 0 0 0 0 0 -1.14775585515197 0.148881752911989 -1.81955635220896 1.79001281955824 0
-2.93928027845959 0.95294633936271 0 0 -0.43982227421346 -1.36669070749657 -3.15811574576567 0 1.78376110943558 -1.01877649813038 -4.89709555937007 0 0 1.51859944970527 2.88934528791627 2.17031571453503 0.50788899553781 2.35969552079407 -0.786952007842062 1.31641211768589 2.23073363255928 1.9954494199134 0 -0.0782739826982802 2.80723077035614 2.1000181833533 0.899840312707401 3.24778350961555 0.987289909044363 -1.17966423253945 -0.226931471862661 -1.7963964347284 -3.40339672427567 2.88454646867205 -2.73990994852731 0 0 3.1918963321217 -1.86888573819189 -1.5308525753545
0.680370558095047 0 0.63774033812149 0 0.919228502840355 1.22902602951206 0.640107725982478 -0.206074648290974 -0.566431975984881 0 1.47311090521234 -1.66038896255598 -1.3259551493301 -1.45976597441817 -0.464291477987334 -0.0450566779215317 -0.168212750840019 -0.0288035692793834 0 0.211082234855582 0 0.262471070714608 0.973641115083514 0.38183782764241 0.809486871655531 0 0.448568706177514 0 -0.319843891098773 0 -1.20349502721593 -1.03803239524802 -0.945070458766129 0 0.128342973807196 0 0 0.272499623586849 0.0948792385176641 0
-0.398990801703222 0 -0.572567692927347 -0.618351035647208 -0.74704389918534 0 0 1.39112322446289 0.134243839847363 0.236245539866122 0.0219583163532103 1.11584501270067 1.52182053948279 -0.264845143658554 0 0 -0.630680266227803 0 0 -0.947766454024214 0 3.26617899521027 2.29696543305483 2.36806240185473 3.192225987788 -0.126859113368561 -1.58917521145942 3.32805024191429 -0.644701205489567 -2.4558922866383 -2.23600669337092 -1.68538402924927 -2.98044176196741 2.3183850298289 -2.83038728998357 2.42394068925208 1.14188514606349 0 0 0
0.115719568796913 0 0 0.674347944899708 0 0 0 0 0 0.54295581192239 -0.242785086167507 0 -0.455205967778563 0 0 0 0 0.171806468372494 0.159968064586436 -1.11504407858863 0 0 -0.335068379522152 -1.24005921980973 -1.36053407807977 0 -0.862206413801836 -1.35987118520311 0 -0.517752077665489 1.16321479637669 1.20584336769185 0 0.140572213303098 1.55358586684197 -0.441433967895201 0.141670976562317 0 0 0
-0.212412419478151 -0.145344473609035 0 0 -0.786823612304165 -0.157494128727939 -0.329272314291898 -0.587541731401314 0 0 -0.216468322368445 0 -0.0682942870326788 0.740445755410529 0 0 0 0.207050134539919 -0.00981788060968109 0.68357389739566 0 -1.06045889150809 -0.681307456391388 -0.485978071069047 -0.81029401488542 -0.413275340093254 0 -0.402501539574598 0 0.16747007289648 1.01193853760747 0.81616537759632 1.4290838205401 -0.344361105686479 0 -0.114874326219198 0 0 0 0
