5.13839829279709
11.4844814306561
12.1037841061699
4.74666878291593
14.3129483626586
12.3205769649924
3.42452824720867
1.07033516002577
10.9493105271065
0
8.60704813475166
1.64970749533165
3.19597458217025
4.60320804173678
8.39138260114266
8.49258938109693
13.4962778920054
4.41107441922638
0
2.57635466192741
9.35282984459214
3.75237137863996
3.3724064639889
7.01965195491753
3.78854885662925
1.99574430061521
5.67570914437154
3.57371254626813
12.1191804655993
20.0214365438577
15.755647144472
22.3212701675406
28.4486633033797
3.85277500572442
16.7162981910021
12.5787153413613
7.64848742823729
10.4817795747223
14.9878058107389
10.2169155864853
6.47102816985473
2.1199691499643
0
3.58660101814652
1.68582014715727
0.646729952244537
7.61332172082292
20.7393351398147
2.18641735623363
13.0480495017275
12.8372976330011
15.3494031742531
27.301748062446
5.95593862968351
2.69425447121403
1.63232044976359
0
2.78806343076039
6.5047478417295
8.15937180101995
0.629942839530755
24.3377711910665
9.46663041636662
6.31040177703102
34.9416113416348
9.19818640324093
6.22888327672701
32.7172169707473
1.70918616409407
0.536358581409395
5.37292323870235
2.96901578978271
2.93562229367381
23.1031101979826
6.81333112246019
18.6991903839348
9.90478565743973
23.4128360984484
7.01062964047785
5.71936786554963
0 0 0 0 0 0 0 0 0 0 0 0 0 0 0 0 0 0 0 0 0 0 0 0 0 0 0 0 0 0 0 0 0 0 0 -2.39342612998366 0.318916161731864 0 0 0
0 0 0 0 0 0 0 0 0 0 0 0 0 0 0 0 0 0 0 0 0 -0.845787469470916 0 0 0 0 0 -0.363438659550841 0 0 0 0 0 -0.392171960169238 0 0 0 0 0 0
0 0 0 0 0 0 0 0 0 0 0 0 0 0 0 0 0 0 0 0 0 0 0 0 0 0 0 0 0 0 0 0 0 0 0 0 0 0 0 0
0 0 0 0 0 0 0 0 0 0 0 0 0 0 0 0 0 0 0 0 0 0 0 0 0 -2.10123378801806 0 0 -3.14129399627276 -2.20034120113998 -0.957991926101922 -2.94284440092111 0 0 0 0 0 0 0 0
0 0 0 0 0 0 0 0 0 0 0 0 0 0 0 0 0 0 0 0 0 0 0 0 0 0 0 0 1.26090281531764 0 0 0 0 0 0 0 0 0 0 0
0 0 0 0 0 0 0 0 0 0 0 0 0 0 0 0 0 0 0 0 0 0 0 0 0 0 0 0 1.26925318692331 0 0 0 0 0 0 0 0 0 0 0
0 0 0 0 0 0 0 0 0 0 0 0 0 0 0 0 0 0 0 0 0 0 0 0 0 0 0 0 0 0 0 0 0 0 0 -1.84838757268603 0 0 0 0
0 0 0 0 0 0 0 0 0 0 0 0 0 0 0 0 0 0 0 0 0 0 0 0 1.30182885142611 0 0 0.928939570517261 0 0 0 0 0 0 0 0 0 0 0 0
0 0 0 0 0 0 0 0 0 0 0 0 0 0 0 0 0 0 0 0 0 0 -0.296101907075894 0 -0.139180546075842 0 0 0 0 0 0 0 0 0 0 0.0575036479389206 -0.156127456385051 0 0 0
0 0 0 0 0 0 0 0 0 0 0 0 0 0 0 0 0 0 0 0 0 0 0 0 0 0 0 0 0 0 0 0 0 0 0 0 0 0 0 0
0 0 0 0 0 0 0 0 0 0 0 0 0 0 0 0 0 0 0 0 0 0 0 0 0 0 0 0 0 0 0 0 0 0 0 -13.9074950764914 5.63754988316836 0 -1.02867879384555 0
0 0 0 0 0 0 0 0 0 0 0 0 0 0 0 0 0 0 0 0 0 0 0 0 0 0 0 0 0 0 0 0 0 0 0 0 0 0 0 0
0 0 0 0 0 0 0 0 0 0 0 0 0 0 0 0 0 0 0 0 0 2.78746390291399 0 0 3.28670802950642 0 0 4.31222862914295 0 -1.71662564148985 0 -0.648021469120011 -2.14498233437681 3.18614698540511 0 0 -1.57306333714914 0.116637258325277 -0.260681791937113 0
0 0 0 0 0 0 0 0 0 0 0 0 0 0 0 0 0 0 0 0 0 0 0 0 0 -0.132158552246748 0 0 0 -1.01650257974902 0 0 0 0 0 1.21014696246191 -2.38996714460006 0 0 0.186109657869945
0 0 0 0 0 0 0 0 0 0 0 0 0 0 0 0 0 0 0 0 0 0 0 0 0 0 0 0 0 0 0 0 0 0 0 1.13238245755099 0 0 0 0
0 0 0 0 0 0 0 0 0 0 0 0 0 0 0 0 0 0 0 0 0 0 0 0 0 0 0 0 0 0 0 0 0 0 0 0 0 0 0 0
0 0 0 0 0 0 0 0 0 0 0 0 0 0 0 0 0 0 0 0 0 0 0 0 0 0 0 0 0 0 0 0 0 0 0 0 0 0 0 0
0 0 0 0 0 0 0 0 0 0 0 0 0 0 0 0 0 0 0 0 0 0 0 0 0 0 0 0 0 0 0 0 0 0 0 0 0 0 0 0
0 0 0 0 0 0 0 0 0 0 0 0 0 0 0 0 0 0 0 0 0 0 0 0 0 0 0 0 0 0 0 0 0 0 0 0 0 0 0 0
0 0 0 0 0 0 0 0 0 0 0 0 0 0 0 0 0 0 0 0 0 0 0 0 0 0 0 0 0 0 0 0 0 0 0 0 0 0 0 0
0 0 0 0 0 0 0 0 0 0 0 0 0 0 0 0 0 0 0 0 0 0 0 0 0 0 0 0 0 0 0 0 0 0 0 0 0 0 0 0
0 -3.21097131743595 0 0 0 0 0 2.05167154955841 0 0 0 1.61240356175208 3.49902822461268 0 0 0 0 0 0.155716949315305 0 0 0 0 0 0 0 0 0 0 0 0 0 0 0 0 0.00327109442713044 0 4.9705483486863 0 -2.48719625372654
0 0 0 0 0 0 0 0 -2.00496334226377 0 0 0 0 0 0 0 -0.887986807388544 0 0 0 0 0 0 0 0 0 0 0 0 0 0 0 0 0 0 0 0.209607518330745 0 0 -0.101973419756793
0 0 0 0 0 0 0 0 0 0 0 0 0 0 0 0 -0.203647639607371 0 0 0 0 0 0 0 0 0 0 0 0 0 0 0 0 0 0 -0.0293119715745759 0.244488096402206 2.08610742108688 -2.25449763190965 -1.4309834361051
0 -1.51298008938086 -3.8087957743864 0 0 0 0 5.40367905947439 -2.33181780341135 0.876929887996631 0 1.03319501572462 3.91288005424483 0 -0.106050196797661 -1.71860158783559 2.00218474860806 0 0 0 -2.1353018278043 0 0 0 0 0 0 0 0 0 0 0 0 0 0 0.0862128199737611 0.24414974171346 4.43158430958339 -3.13474968450908 -1.45317195541816
0 0 0 -0.389605248004737 0 0 0 0 0 0 0 0 0 0 0 0 4.03884285282248 0 0 0 0 0 0 0 0 0 0 0 0 0 0 0 0 0 0 0 0 0 0 0
0 0 0 0 0 0 0 0 0 0 0 0 0 0 0 0 0.79431078859499 0 0 0 0 0 0 0 0 0 0 0 0 0 0 0 0 0 0 0 0 0 -0.361439996360521 0
0 -2.40710035195479 -4.00672625586881 0 0 0 0 4.79465991996471 -1.13970104577524 1.84320050824516 0 1.92539010193426 4.70227079528056 0 -0.00359826882973652 -0.845011960590845 -1.55329556133602 0 0 0 -0.325129361794159 0 0 0 0 0 0 0 0 0 0 0 0 0 0 1.35994317375518 0 4.20588025276881 -2.35547627860845 -0.088779540226656
0 0 0 -0.604837907510486 1.01098652170591 2.87246453928887 0 0 0 0 0 0 0 0 0 0 0 0 -0.413452532475486 0 0 0 0 0 0 0 0 0 0 0 0 0 0 0 0 0 0 0 0 0
0 0 0 0 0 0 0 0 0 0 0 0 0 0 0 0 0 0 0 0 0 0 0 0 0 0 0 0 0 0 0 0 0 0 0 0 0 0 0 0
0 0 0 -3.19791282095157 0 0 0 -0.138786241710529 0 -0.354784104179275 0 0 0 0 0 0 0 0 -0.270509684621862 0 0 0 0 0 0 0 0 0 0 0 0 0 0 0 0 0 -2.99659754677497 -3.62962581035297 2.74466885805452 3.69310225096883
0 0 0 -1.63398752356333 0 0 0 0 0 -0.433298853460292 0 0 -0.0348639826475391 0 0 0 0 0 -1.07954904978233 0 0 0 0 0 0 0 0 0 0 0 0 0 0 0 0 0 0 -0.0345359308984664 0.0236050413677563 0.12674651322721
0 0 0 0 0 0 0 0 0 0 0 0 -1.01496508661953 0 0 0 -0.294382164328765 0 0 0 0 0 0 0 0 0 0 0 0 0 0 0 0 0 0 -1.13525427438279 0 -0.737956570857947 0 1.25593435314169
0 -3.16709336008968 0 0.017702047498868 0.736637309696685 0 0 3.16597345691263 0 1.36785236903681 0 2.72771901250377 4.30744885905919 0 0 0 0 -0.00777993977156405 0 0 0 0 0 0 0 0 0 0 0 0 0 0 0 0 0 1.00026302117366 0 2.64439632795756 0 -1.45779068305792
0 0 0 0 0 0 0 0 0 0 0 0 0 0 0 0 -0.50230278742854 0 -0.241391920511376 0 -0.0104696892226985 0 0 0 0 0 0 0 0 0 0 0 0 0 0 -3.42855549756535 0.173075652996481 -5.8500680934118 5.75742046420533 0.384588169759031
-10.1136122663833 3.31230846175908 0.66428178027022 0 -2.58149257063357 -2.70718417962987 -10.43099150179 0 6.42202436895183 -4.75184604915221 -16.7448600536593 0 0 5.2325919239349 10.6173636863487 7.56729928243409 2.74821628022537 6.96888776725116 -3.43035506495008 4.30390678809844 7.51787480530174 6.22707509767357 0 -0.199082897930453 8.71774628685665 7.67302915500691 2.52692249417775 10.9026837246789 3.53121424764899 -3.35113210049111 0 -6.64824129336318 -11.9773175323764 9.81174386458091 -8.42683308397508 0 0 5.19327834924127 -4.08321991041882 -3.27591021877702
1.42595506188549 0 0.429902103409274 0 4.38819912125717 5.22369305229286 0.612861466241597 0 -1.24322432293797 0 3.92267436644222 -5.76332435494493 -5.53307101296489 -4.30450486020161 -0.364627920380596 0 0 0 0.286561125287723 0 0 1.49808245686837 3.76689277434771 0.65023177972108 3.57798539279082 0 1.12463976401724 0.787881830879946 -0.587541404130352 0 -4.22377396803582 -4.07594211709863 -3.08688032110358 0 0.119644560672503 0 0 0 0 0
0 0 -1.80545826717065 0 -6.04344134035474 0 0 5.81601722789112 0 1.63672110841421 0 3.94308162272514 4.54212058120389 0 0 0 0 0 0 -3.18829644712153 0 12.5829448407802 7.50628970957924 7.77966523271527 12.1293730986376 -1.29351220858442 -5.86976594621645 12.1397989004239 -3.17319635292163 -8.51175267493639 -8.71634041653572 -3.54006213030422 -9.75402643765676 9.84705526809611 -9.53792644500795 3.58445644597262 3.09168315863993 0 0 0
0 0 0 2.49522725353345 0 -0.534747949771621 0 0 0 1.78927215196931 -0.78281434765124 0 -2.9570770479831 0 0 0 -0.462357745122774 0.228473142964044 0.469365865946324 -3.02782179984829 0 0 0 -3.46429489646141 -6.34877792648667 0 -2.38926721668711 -5.80095056511783 0.870967626478722 -2.96208056906698 3.85203787021557 4.4349361691675 0 1.05196683120626 5.16856311131341 -0.104874431074879 0.524050387784753 0 0 0
-0.0758621343830552 0 -1.39399313911736 0 -1.24401464616784 -1.63522019625368 0 -0.444885844328722 0 0 0 0 0 1.02805288728378 0 0 -0.0139185105977111 0 -0.160847148839012 0.221704427879117 0 -4.15479180199938 -1.27575548935266 -1.24278192512035 -3.23456306648402 0 0 -1.06101063670388 0 0.805363358393724 3.38442920228528 3.00624137734868 4.42708197153995 -2.67280329424941 0.282665112493361 -0.00242414828317292 0 0 0 0
