3.19653919211879
5.47296386091732
5.22882110373631
4.15288312698363
6.18760210181616
6.04366575116174
2.36880846493296
2.22393372807171
4.68718771764913
2.34585884670754
3.60770269750452
2.39445934755617
2.62160418617071
3.33038524074063
3.84053657156356
3.92689569940976
6.39142773258217
3.54452202153694
1.76654601006372
2.60976411129612
4.5377180990631
2.34145153820408
2.54002961635081
3.63447244696936
2.2324109600484
2.35408680885576
3.22690733459355
2.35988344712951
6.64597700486708
9.24934057615069
6.31283736506346
9.53141085362675
11.3071106230125
2.74264917580915
6.99221845920516
4.38442852781375
3.80949056399547
3.43415803392651
8.65931648405922
6.20573702064595
3.50613662084327
2.70293909185891
1.674667235246
3.33900705796574
2.41526540770596
2.80661619638788
3.70866863563551
8.10933804251801
2.21841829502956
6.19785190118597
5.05157299520453
6.53363866665851
9.75015059948225
3.83185007437632
2.00902433355359
1.69575587646374
2.33712336454647
2.81672825988482
3.83046423094785
4.26946558344705
1.8731086069141
9.70910321111556
4.74125945584723
3.32258956192198
13.8307306424933
4.9158594134307
3.52628239623996
13.1065505828722
2.7511413991857
1.9015594857675
2.69858812342001
2.56139861243787
2.28122339130991
9.42106786861051
3.25522582676564
9.41799094503305
5.68830783478361
12.6099312189041
2.90423944805962
2.98907130198778
0 0 0 0 0 0 0 0 0 0 0 0 0 0 0 0 0 0 0 0 0 0 0 0 0 -0.35547580877826 0 0 -0.386705220429981 0 0 0 0.0925742138772866 0 0 -0.649251409289762 0.379743090300031 0 0.101064067839983 0
0 0 0 0 0 0 0 0 0 0 0 0 0 0 0 0 0 0 0 0 0 -0.981727096699024 0 0.0613890949633164 -0.645768621232716 0 0 -0.718477880865804 0.395899900405239 1.02833799022109 0.207966038629829 0.682845926087415 0.308744643397629 -1.34163468156632 0.449183303064107 0.109220664592543 0 0 0 -0.0692988813879435
0 0 0 0 0 0 0 0 0 0 0 0 0 0 0 0 0 0 0 0 0 0 0 0 -0.0347710952123434 0 0 -0.172838575422655 0.0663509336116378 0 0 0 0 0 0.0138031832541167 0 0 0 0 0
0 0 0 0 0 0 0 0 0 0 0 0 0 0 0 0 0 0 0 0 0 0 0 0 0 -1.3213858528496 -0.878541431280283 0 -1.05728715633068 -0.734767687423316 -0.163120234214433 -0.710252145829443 0 1.35489817738332 0.910675328931867 0 0 -0.0555885814621881 0.721191068316574 0
0 0 0 0 0 0 0 0 0 0 0 0 0 0 0 0 0 0 0 0 0 0 0.344703298474415 0 -0.696722219839157 0 0 -0.612633380237293 0.878700890512895 0.652864659131522 0.287679909483628 0.109149256661479 0.498096874984653 0 0 -0.174690829116202 0.2223892148074 -0.00437497919175555 0 -0.194308641480402
0 0 0 0 0 0 0 0 0 0 0 0 0 0 0 0 0 0 0 0 0 -0.487707690094485 0 0 -0.845430884322213 0 0 -0.851387902553999 1.45483142169437 0.720614874025443 0 1.23011404196554 0.529486661911031 -0.718196534216219 -0.0170340185295304 -0.237161819769434 0.925315608372132 0 0 -0.0502241435693622
0 0 0 0 0 0 0 0 0 0 0 0 0 0 0 0 0 0 0 0 0 0 0 0 0 0 0 0 0 0 0 0 0 0 0 -0.359983482292314 0.129144502007762 0 0 0
0 0 0 0 0 0 0 0 0 0 0 0 0 0 0 0 0 0 0 0 0 0.148992481842855 0 0.0750751752421541 1.14702014756905 0 0.025677192954881 0.981128794657541 -0.564644679032068 0 -0.436793109002188 -0.0817543269691692 0 0.0659996371703293 -0.0513079718967635 0 -0.0189521592952151 0.042204363003815 -0.0564848467093694 -0.0777282907642751
0 0 0 0 0 0 0 0 0 0 0 0 0 0 0 0 0 0 0 0 0 -0.263967934804819 -0.448194588282137 0 -0.211501730874968 0.0742794868446246 0 -0.0251325744398371 0.291476950682636 0.123110813687445 0 0 0 0 0 0.0724222056372075 -0.241595066215753 0 0 0
0 0 0 0 0 0 0 0 0 0 0 0 0 0 0 0 0 0 0 0 0 0.197139662633506 0 0.12536562197812 0.582380479554556 0 0 0.675995822033019 -0.49018370423931 -0.318361351314277 -0.241719764651677 -0.269853207774377 -0.158307985884645 0.169588627737377 -0.132348378219584 -0.0644170437431316 0 0 0.0633967182973256 -0.0539808324804082
0 0 0 0 0 0 0 0 0 0 0 0 0 0 0 0 0 0 0 0 0 0.0009640896405657 0 0 0 0 0 0 0 0 0 0 0 0 0 -3.52240284664651 1.67096344504597 0.00526161401656203 -0.397017110779759 -0.109575669666863
0 0 0 0 0 0 0 0 0 0 0 0 0 0 0 0 0 0 0 0 0 0.514193316782859 0 0 0.402941773876028 0 0 0.768016637178263 -0.293296684302196 -0.494726459353698 0 -0.431138969605367 -0.189037322782958 0.0454838177776266 -0.0866265800759849 0 -0.457964009533093 0.000952616664411463 0 -0.00231657388766096
0 0 0 0 0 0 0 0 0 0 0 0 0 0 0 0 0 0 0 0 0 1.68108943590161 0.636760157072744 0 1.63562663611643 0.00124228971818336 0 1.49764587530225 -0.672313758253594 -1.78931984747847 -0.651148454004823 -1.10449211277527 -1.62249228120418 1.13260785642942 -0.226396509544901 0 -0.98703187111541 0.525799738578052 -0.453329790240636 -0.174469293426721
0 0 0 0 0 0 0 0 0 0 0 0 0 0 0 0 0 0 0 0 0 0.159761305847947 0.103446761884009 0.215547582520089 0 -0.651633805560948 -0.433360976394916 0.0121970758500004 -0.0912744867693055 -0.043291909968122 0 -0.0100655839753231 -0.535974681120545 0.580882906845729 0.000828076106003699 0.468060791055388 -0.925228804817341 -0.0385273693625503 0 0.822004019246315
0 0 0 0 0 0 0 0 0 0 0 0 0 0 0 0 0 0 0 0 0 0 0 0 0 0 0 0 0 0 0 0 0.0178656032281028 -0.0293813618568777 0 0.0115742942975013 -0.0209881697576475 0 0 0
0 0 0 0 0 0 0 0 0 0 0 0 0 0 0 0 0 0 0 0 0 -0.00376102369382637 0 0 0 0 0 0 0.00225076560017266 0 0 0 0 0 0 0 0 0 0 0
0 0 0 0 0 0 0 0 0 0 0 0 0 0 0 0 0 0 0 0 0 -0.0585517030450569 -0.457557009454857 -0.448487522948314 0.151170041919126 1.46595716377829 0.822066706134542 -0.287116403411746 0 0 0.00042876149270723 0 -0.225651907148455 0 0 0.0690142876049341 -0.0974404156843946 0 0 0
0 0 0 0 0 0 0 0 0 0 0 0 0 0 0 0 0 0 0 0 0 -0.387326529172381 0 0 0 -0.0704590397938785 -0.0427978362926587 0 0 0 0.12409690598166 0.0588770893490369 0.0543565644417878 -0.334011803056587 0 0.00629332328693004 -0.0438857553826469 0 0 0
0 0 0 0 0 0 0 0 0 0 0 0 0 0 0 0 0 0 0 0 0 0 0 0 0 0 0 0 0 0 0 0 0 0 0 0 0 0 0 0
0 0 0 0 0 0 0 0 0 0 0 0 0 0 0 0 0 0 0 0 0 0 0 0.0908641825583301 0 -0.241617645451008 0.184452069152984 0.0788874998750997 -0.0615494824703945 0 0 0 0 0 -0.00927066801623055 0.00136062691561976 0 -0.0135784185745349 -0.547783144833422 0.444412887897316
0 0 0 0 0 0 0 0 0 0 0 0 0 0 0 0 0 0 0 0 0 0 0 -0.0400899642469984 -0.151095587614091 0 0 0 0.0588015787649291 0 0.0497752645547854 0 0 0 0 0 0 0 0 0
0 -0.866835812596014 0 0 0 -0.242549315913505 0 0.514897120039613 -0.724847840229052 0.357025755604472 0.232152470853574 0.820571618892596 1.26240798050668 0.210606936606608 -0.0370379091329519 -0.467421509610505 -0.164140729561097 -0.568820549486289 0.597051096539322 0 0 0 0 0 0 0 0 0 0 0 0 0 0 0 0 0.0769424333255049 0.010247857656728 1.49593539473365 0 -0.754089578488995
0 0 0 0 0.310581965643266 0 0 0 -0.71059284979106 0 0.00906340298636316 0 0.13963458335531 0.02236999827336 0 0 -0.618993948490697 0 0.00719518882881093 0 0 0 0 0 0 0 0 0 0 0 0 0 0 0 0 0 0.178086511045817 0.468976516353607 -0.0843974965769871 -0.279774714048808
0 0.000204875566549117 0 0 0 0 0 0.0454617377436952 0 0.0500982039479743 0 0 0 0.150615926346949 0 0 -0.832829713249832 0 0 0.239702408609454 -0.271141927793226 0 0 0 0 0 0 0 0 0 0 0 0 0 0 -0.115570702139326 0.114220254812064 0.749645414835081 -0.830639162692255 -0.230464885027009
0 -0.591675052894112 -1.26472190631536 -0.0188038263380438 -0.887664670572878 -0.626485154547803 0.544131008460164 1.63470845879503 -0.713038856997711 1.00413527050718 0.00192138194378345 0.72571888606659 1.23849034675695 0 -0.1525410338182 -0.880441353845467 0.316568940608449 0 0.733442271290257 0 -1.14495513337648 0 0 0 0 0 0 0 0 0 0 0 0 0 0 0.231074859164273 0.00252119912326802 1.48919739778912 -0.888655033454919 -0.472536790471132
-0.173001918851942 0 0 -0.759036309058519 0 0 0 0 0.00356549197474227 0 0 0 0 -0.211617704973038 0 0 1.68833894670625 0 0 -0.0296911423016766 0 0 0 0 0 0 0 0 0 0 0 0 0 0 0 0 0 0 0 0
0 0 0 -0.401804122090098 0 0 0 0 0 0 0 0 0 -0.0568979302700936 0 0 1.09324106918277 0 0 0.0367357615226816 0 0 0 0 0 0 0 0 0 0 0 0 0 0 0 0 0 0 -0.326552802075541 0
0 -0.865111260538225 -1.7337372060154 0 -0.995733196065666 -0.834000371647354 0.172587861826888 1.66754039332146 -0.48023239320161 1.28787910181106 0 1.28993963919582 1.29605204329304 0.0416907182822063 -0.500955651922703 -0.959614392867624 -0.898729325600964 -0.0561030098180708 1.07095772821094 0.4989866244736 -0.836336836334802 0 0 0 0 0 0 0 0 0 0 0 0 0 0 0.858284577441754 0 1.76138266730505 -1.0487442623479 -0.314443798785344
-0.515429738311712 0.392702013443184 1.10050648092593 -0.776878864012534 1.17509795008332 1.3664635309373 -0.0389018040978846 -1.0528314074668 0.868382818359834 -0.939750057018636 0 -0.645860271197647 -0.364126625478062 -0.168695365973934 0 0.26942958039906 0 0 -0.360881098738212 -0.35760366569665 0.820516590251938 0 0 0 0 0 0 0 0 0 0 0 0 0 0 0.198502229992248 -0.337868141196899 -0.0313459404482751 0 0
0 0.0851301295280236 0.279246878702677 -0.0723813901605749 0.0464910368715472 0.180755606312242 0 0 0.193714507858363 -0.0346015950595168 0 -0.139288506674941 -0.490245094015907 -0.0408878393648305 0 0 0 0 0 0 0 0 0 0 0 0 0 0 0 0 0 0 0 0 0 -0.0319515880614304 0 -0.0590201119281267 -0.0219538821456077 0.158266847925215
0 0.274421936618384 0.0596478291614603 -0.331176346801664 0.711617387803973 0 0 -1.12080620885299 0 -0.892887176657621 0 0 -0.446262675462001 0 4.07108455388291e-06 0.245801823446731 0.0131920293168988 0.443946312052138 0 0 0.543983077303758 0 0 0 0 0 0 0 0 0 0 0 0 0 0 -0.026976864179912 -0.737994982213003 -1.09631841304721 0.973999405817961 1.06491224920343
0 0.676220712158926 0.0615165626068244 -0.322061231996059 0.245461094841984 0.977917258324825 0.000320714867451945 -0.143059188538903 0 -0.601660107954592 -0.00629646825953147 -0.654916436561721 -0.660123670747082 -0.0356441567108035 0.0958072557437489 0 0 0.436318181841531 -0.598011722818991 0 0 0 0 0 0 0 0 0 0 0 0 0 0 0 0 -0.129195374280056 -0.177869579292703 -0.475935282808505 0.669481994729507 0.501681856617406
0.308527423750911 0.216632388586244 0.651280724021791 0 0.503718837838155 0.282160748526258 0 0 0 -0.149959852754261 0 -0.290598834089071 -0.99920315921685 -0.238989081049348 0.333894516344546 0 -0.469875647428345 0.312985351188659 0 0 0 0 0 0 0 0 0 0 0 0 0 0 0 0 0 -0.778398472030202 -0.00254469121896586 -1.20192137009729 0 1.04603607146729
0 -1.84001475400292 -0.0477064273308529 1.55591051416919 0.0130445113511385 -1.04208196170557 0 0.925820321809643 0 0.595152012464596 0 0.913245293686053 1.28325271983408 0.94784928930855 -0.660124299434502 0 0 -1.11566407498373 0 0 0 0 0 0 0 0 0 0 0 0 0 0 0 0 0 0.905900584084188 0 1.11280357543437 0.24723099955393 -0.676233446374669
0.0519482020974793 1.05143059116689 0.219602081139132 1.3041906797727 0 -0.0431284788587859 0.0647491686963864 -0.397199028940936 0 -0.310741490413384 0.103959312285015 -0.424953091661292 -0.35934573228816 0.0036856829566335 0.00068911040990504 0 -0.654246593771776 0 -0.784529288324898 -0.336303834386528 -0.370760152060163 0 0 0 0 0 0 0 0 0 0 0 0 0 0 -1.3017570553463 0.329718312745984 -1.94690649669094 1.97887943753565 0.0628077720490988
-3.25592442379805 1.10456594771862 0 0 -0.795100366647335 -1.60464370501368 -3.53117312936123 0 2.077475937476 -1.19335376905423 -5.27046422910618 0 0 1.76748013656872 3.2464341910237 2.47479995722944 0.764041908299688 2.56570978688481 -0.963311002302123 1.50676613474787 2.42373598885683 2.11434097986035 -4.58694286997741e-08 -0.382070589898549 2.85519878494911 2.27267317183165 1.00384731064807 3.27746291037492 1.24040927773171 -1.37632333267792 -0.363244762156684 -1.88319987200298 -3.45200327319029 2.96223357124347 -2.96983813782489 0 0 3.27425685422401 -1.98129633785299 -1.63001266174453
0.948069503937776 0 0.79312055450728 0 1.15252549700005 1.42346255681934 0.996849954421892 -0.321603735171202 -0.827373634975223 0 1.80768773474345 -1.68020827761418 -1.32413400499687 -1.66443765326103 -0.752987775016605 -0.310517954265949 -0.381410636889222 -0.25682317773529 0.0179935511457105 0.204284167621617 0 0.338997652785388 1.13502957186888 0.589288970251915 0.810193536944641 0 0.555780272668751 0 -0.54335338625173 0 -1.28782665608329 -1.18030977105672 -1.02713481821308 0 0.299572939364172 0 0 0.19475913628148 0.172061370318523 0.00583141662352754
-0.630023498355005 0 -0.693004688255614 -0.916118400500741 -0.954675469718658 0 0.221220308464253 1.64594452413524 0.306984681815098 0.354785360780388 0.355837675013626 1.31180311278957 1.72157214425143 -0.548417949368986 0 0.0152280042087259 -0.83354460802266 -0.00131354662914767 0 -1.26102058758294 0 3.49354919886362 2.68643204085981 2.75466113463296 3.47386589479557 -0.217922295971185 -1.74764708087496 3.54368791584295 -0.847918313790657 -2.69830186650006 -2.60018399229737 -1.99310281187323 -3.22894934526903 2.54043373679887 -3.15035503098044 2.62704912933691 1.21174813553176 0 0 0
0.459410313199681 0 0 0.975119610139559 0 0 -0.00203004921579612 -0.162839161386949 0 0.667018401569829 -0.498012837685625 0 -0.642156122372418 0 0 0 0 0.259397545164375 0.367823958987878 -1.35556927191884 0 0 -0.57000636458301 -1.47613182543643 -1.50872761851338 0 -1.05962185443145 -1.4709995438008 0 -0.709351705366115 1.34164704752707 1.34953847204249 0 0.294461889620759 1.84124772036048 -0.56351902683365 0.250141569988917 0 0 0
-0.36094379065951 -0.211560477958147 0 -0.0590118899096927 -0.81175852508415 -0.22723625894295 -0.506116101156522 -0.701163484387264 0 -0.105265592295761 -0.374483179831895 -0.0315970457851983 -0.145350883078112 1.05295194580185 -0.0696880911857276 0 0 0.344771745637719 -0.0964163338244289 1.0531690958813 0 -1.21908764765135 -0.899762233848748 -0.698693344214152 -0.911329549208329 -0.597902661708826 0 -0.49342823815555 0.000472813179280416 0.462130564770713 1.25639758840331 0.998718878096784 1.64826083766871 -0.594505442716758 0.0895594398017287 -0.212045952383569 0.0247980516181744 0 0 0
