2.58092527554628
4.77290796826559
4.61146886564618
3.54026560592733
5.56300248567992
5.38483436549351
1.87907815706778
1.57200000114576
4.06839184581468
1.66159234890988
3.07787183824644
1.73776244263681
1.90998026027214
2.64354826659357
3.2972220275538
3.35337258572981
5.76737587115953
2.89341021527721
1.1434756816031
1.9929752713706
3.94881107399271
1.71609712635177
1.9450322115121
2.97658478207336
1.57197678301896
1.84044125000952
2.68857023268328
1.69947515314168
5.95809880917835
8.57916345345701
5.63283802096329
8.8782071046102
10.688171713999
2.10748916231223
6.36636854674616
3.6818014565592
3.10308266001426
2.72710000766137
8.01143212430097
5.51433422922065
2.90191810806042
2.01293839521807
1.05673970775177
2.70365669152172
1.77444462849785
2.14435138272327
3.2146497314604
7.45300001974846
1.60499863198552
5.4911714221823
4.50913541810452
5.89242424006044
9.07816551577843
3.17432632702117
1.4463904809581
1.12818846952123
1.70009486860126
2.16823026635529
3.21211829172974
3.63099736400258
1.29669412276218
9.07161253538822
4.14776125906236
2.65297229187775
13.1999324730873
4.39545723280307
2.97481189819913
12.4635296429908
2.06203734089258
1.23833512951983
2.04016664150409
1.90578175967232
1.65229000252785
8.76214375540485
2.62290199304808
8.71177518932542
4.98202067357178
11.889704881679
2.25305880092177
2.28793757319725
0 0 0 0 0 0 0 0 0 0 0 0 0 0 0 0 0 0 0 0 0 0 0 0 0 -0.26080050759125 0 0 -0.394937703880128 0 0 0 0.0266074577335145 0 0 -0.579860803467254 0.300434508337661 0 0.0282357308413257 0
0 0 0 0 0 0 0 0 0 0 0 0 0 0 0 0 0 0 0 0 0 -0.76961345968688 0 0.00600747376519564 -0.538121412613129 0 0 -0.611655358992052 0.301400043058504 0.971912871295853 0.152605433730692 0.51858807401304 0.198866091642466 -1.17511676154891 0.314205234767745 0.0683003878590186 0 0 0 -0.052300307550573
0 0 0 0 0 0 0 0 0 0 0 0 0 0 0 0 0 0 0 0 0 0 0 0 0 0 0 -0.0600974491404503 0.0104732794459295 0 0 0 0 0 0 0 0 0 0 0
0 0 0 0 0 0 0 0 0 0 0 0 0 0 0 0 0 0 0 0 0 0 0 0 0 -1.27390247591135 -0.758638464878377 0 -1.09000765074039 -0.680074670548719 -0.072269202917893 -0.698551948064607 0 1.28105348907209 0.764595610872326 0 0 -0.0462534410080657 0.64792953061136 0
0 0 0 0 0 0 0 0 0 0 0 0 0 0 0 0 0 0 0 0 0 0 0.24005440918144 0 -0.572258495197449 0 0 -0.50511011164987 0.809355345975999 0.594100387039266 0.260260752247074 0.0540520740219659 0.49146930332166 0 0 -0.0908945153028421 0.101111266986208 0 0 -0.2228318229249
0 0 0 0 0 0 0 0 0 0 0 0 0 0 0 0 0 0 0 0 0 -0.419833888479928 0 0 -0.77724657980829 0 0 -0.774464403429841 1.36496661410597 0.598797110750215 0 1.14248357023263 0.423269060423 -0.629700176452116 0 -0.166263442413001 0.803450429733597 0 0 -0.0466482699390755
0 0 0 0 0 0 0 0 0 0 0 0 0 0 0 0 0 0 0 0 0 0 0 0 0.0245869954999506 0 0 0 0 0 0 0 0 0 0 -0.34887200746837 0.106370708043731 0 0 0
0 0 0 0 0 0 0 0 0 0 0 0 0 0 0 0 0 0 0 0 0 0.0688386301415334 0 0.0156115449753593 1.07185502096431 0 0 0.882973446077424 -0.427694799885569 0 -0.297825725627202 -0.000656406594356542 0 0.0180974037347212 -0.0105030104308144 0 -0.00392301895685081 0.00866366768298541 -0.00622944254449995 -0.0629200626971401
0 0 0 0 0 0 0 0 0 0 0 0 0 0 0 0 0 0 0 0 0 -0.207596574336101 -0.336988332404452 0 -0.21244084044233 0 0 -7.86608994872535e-05 0.199845862920888 0.0137717779845314 0 0 0 0 0 0.0427864536127384 -0.164580078777814 0 0 0
0 0 0 0 0 0 0 0 0 0 0 0 0 0 0 0 0 0 0 0 0 0.107320767082615 0 0.0434478150045398 0.467923960445596 0 0 0.538797865949583 -0.357466370586516 -0.219674102112088 -0.110332016745207 -0.169681513134272 -0.042461635122625 0.075202956876522 -0.05949940520592 -0.0264971239745563 0 0 0.00895144417568641 -0.00353344302238866
0 0 0 0 0 0 0 0 0 0 0 0 0 0 0 0 0 0 0 0 0 0.0204709015469198 0 0 0 0 0 0 0 0 0 0 0 0 0 -3.48982135955174 1.61201808353088 0 -0.36655468015421 -0.132225364174552
0 0 0 0 0 0 0 0 0 0 0 0 0 0 0 0 0 0 0 0 0 0.395453384721454 0 0 0.293432530367549 0 0 0.656476512006934 -0.221056557685343 -0.379255029714571 0 -0.35098972955497 -0.0974253889849635 0.0109685721668128 -0.033796334190084 0 -0.423501780939059 0 0 0
0 0 0 0 0 0 0 0 0 0 0 0 0 0 0 0 0 0 0 0 0 1.56931651343261 0.499942863380085 0 1.40043359537286 0 0 1.30464354832923 -0.554918138515079 -1.68628957559663 -0.49971886062751 -0.94983594907196 -1.47663651155425 1.00153885637539 -0.137516712946408 0 -0.903967846147609 0.406734578902743 -0.311979638701077 -0.120782544670504
0 0 0 0 0 0 0 0 0 0 0 0 0 0 0 0 0 0 0 0 0 0.0558597461569708 0.00164985007418669 0.112644450843843 0 -0.5295078224031 -0.21678667959736 0 -0.0393892135016068 0 0 0 -0.45253859785656 0.519120370307065 0 0.410805950299661 -0.85642158079531 -0.0111631123893799 0 0.724298243303932
0 0 0 0 0 0 0 0 0 0 0 0 0 0 0 0 0 0 0 0 0 0 0 0 0 0 0 0 0 0 0 0 0 0 0 0 -0.00213045425261976 0 0 0
0 0 0 0 0 0 0 0 0 0 0 0 0 0 0 0 0 0 0 0 0 0 0 0 0 0 0 0 0 0 0 0 0 0 0 0 0 0 0 0
0 0 0 0 0 0 0 0 0 0 0 0 0 0 0 0 0 0 0 0 0 -0.0117016490573725 -0.332997286950724 -0.303175672609637 0.0615666135297495 1.20994302491386 0.599486639240445 -0.271055045587411 0 0 0 0 -0.12223439716717 0 0 0.0306591313755876 -0.0452498678110745 0 0 0
0 0 0 0 0 0 0 0 0 0 0 0 0 0 0 0 0 0 0 0 0 -0.351720798738427 0 0 0 -4.2525750477725e-05 0 0 0 0 0.0360331248671173 0.00949816781424199 0.0166107405682264 -0.2013351906958 0 0 -0.00317929275325349 0 0 0
0 0 0 0 0 0 0 0 0 0 0 0 0 0 0 0 0 0 0 0 0 0 0 0 0 0 0 0 0 0 0 0 0 0 0 0 0 0 0 0
0 0 0 0 0 0 0 0 0 0 0 0 0 0 0 0 0 0 0 0 0 0 0 0.0663390081819284 0 -0.131464318805645 0.0437996860894944 0.045625032473098 -0.0229431862555761 0 0 0 0 0 0 0.00244773839873489 0 -0.00014658965883295 -0.493282864247053 0.313021968581438
0 0 0 0 0 0 0 0 0 0 0 0 0 0 0 0 0 0 0 0 0 0 0 -0.00222876695082398 -0.145203823473178 0 0 0 0.00830223479317505 0 0.00441035750952929 0 0 0 0 0 0 0 0 0
0 -0.661916954935383 0 0 0 -0.145201846838986 0 0.382698263249279 -0.595340236576447 0.239473718219801 0.16344292724905 0.685698463775207 1.19770294970324 0.0828325887783151 0 -0.261796818584502 -0.0505659420001975 -0.430191479162006 0.399448916379026 0 0 0 0 0 0 0 0 0 0 0 0 0 0 0 0 0.040143388369555 0.00330722991469012 1.39516278552989 0 -0.655691040239189
0 0 0 0 0.276888137624138 0 0 0 -0.635189690779163 0 0.010603539622467 0 0.153336702040304 0 0 0 -0.571114524899679 0 0 0 0 0 0 0 0 0 0 0 0 0 0 0 0 0 0 0 0.154493815446063 0.381947218661747 -0.0749983821509398 -0.256079531825309
0 0 0 0 0 0 0 0.00779648850821862 0 0.0110384178243776 0 0 0 0.0755581191550409 0 0 -0.75371944097918 0 0 0.158580348282088 -0.0747497152122458 0 0 0 0 0 0 0 0 0 0 0 0 0 0 -0.0386122562309547 0.0434750376182584 0.655997023215681 -0.773051900053752 -0.201843567067894
0 -0.447269293050844 -1.03330342946434 0 -0.681433656899687 -0.479862185533966 0.447834604928224 1.53947794908983 -0.597151049235321 0.883726906199078 0.0148356280256103 0.556271869938369 1.00652812832666 0 -0.0305192935679393 -0.758138853452733 0.134023692473437 0 0.635628120392856 0 -1.00655786735114 0 0 0 0 0 0 0 0 0 0 0 0 0 0 0.127579500674277 0 1.31605243480338 -0.740948716976395 -0.366326141838415
-0.128862840119244 0 0 -0.785392838076735 0 0 0 0 0 0 0 0 0 -0.196888426197251 0 0 1.60477524677329 0 0 -0.00277705022170743 0 0 0 0 0 0 0 0 0 0 0 0 0 0 0 0 0 0 0 -0.0358295482436939
0 0 0 -0.369974846080244 0 0 0 0 0 0 0 0 0 -0.0115543052862615 0 0 1.03918453312177 0 0 0.00109415864933295 0 0 0 0 0 0 0 0 0 0 0 0 0 0 0 0 0 0 -0.408946683192032 0
0 -0.725992225439811 -1.55682720430357 0 -0.810681478232903 -0.682869715174127 0.110792552375224 1.55378116627948 -0.331308458530552 1.14886322612377 0 1.12292285211311 1.11074084059217 0 -0.487452181621129 -0.878872230972138 -0.811500250188551 0 0.886321579459847 0.354853194543766 -0.688582788297918 0 0 0 0 0 0 0 0 0 0 0 0 0 0 0.767019343124388 0 1.63167245141101 -0.926728802336528 -0.221104690085198
-0.373785685303669 0.305062535145445 0.924534528225848 -0.676676612436728 1.06463247183684 1.2381945196141 0 -0.934850863266317 0.703638881023139 -0.840684950809423 0 -0.553650186605318 -0.29123582426792 -0.0894351571051677 0 0.0650635554527442 0 0 -0.151564918266069 -0.209968083766414 0.581068890153668 0 0 0 0 0 0 0 0 0 0 0 0 0 0 0.112502009585264 -0.213374413506406 -0.0118158676783566 0 0
0 0.00235485704993571 0.226098064750273 -0.00883631420722224 0.00139447932308701 0.0625907803843224 0 0 0.0274619484328887 -0.00134644077753453 0 -0.0404489471120172 -0.363030658454714 0 0 0 0 0 0 0 0 0 0 0 0 0 0 0 0 0 0 0 0 0 0 -0.000675160900505419 0 -0.00774412060143452 0 0.0467765587899138
0 0.20197827321439 0.00694486221157782 -0.167822914817503 0.663515762227565 0 0 -1.02280658121327 0 -0.817406132526765 0 0 -0.35937564537139 0 0 0.0982123729614862 0 0.251730137428701 0 0 0.311200197946314 0 0 0 0 0 0 0 0 0 0 0 0 0 0 -0.0178836297084382 -0.667068457611334 -0.936530749362854 0.864382782066896 0.939495345445004
0 0.515504488472403 0 -0.232885413165383 0.165294940589056 0.841927325159841 0 -0.0124431573864129 0 -0.526203828499129 0 -0.54538254593959 -0.5401282396544 0 0 0 0 0.274835671995857 -0.445851306862706 0 0 0 0 0 0 0 0 0 0 0 0 0 0 0 0 -0.110492206800888 -0.0990999576684897 -0.351678631838794 0.545554503612732 0.38316731015111
0.140830909260964 0.117049490673107 0.560148551254195 0 0.46196313864439 0.196639825187332 0 0 0 -0.0421810091515044 0 -0.158069035622008 -0.902690979362115 -0.146192824574621 0.120076735443281 0 -0.33759655145541 0.200904411035603 0 0 0 0 0 0 0 0 0 0 0 0 0 0 0 0 0 -0.722599063267846 0 -1.0950291565939 0 0.92020340411588
0 -1.69462297720935 0 1.36611576841944 0 -0.93283661997367 0 0.836228992814027 0 0.455690006269487 0 0.807247572756211 1.21336173260464 0.809426847163308 -0.452012698013186 0 0 -0.910163384969777 0 0 0 0 0 0 0 0 0 0 0 0 0 0 0 0 0 0.839037675219492 0 1.03211505474123 0.148064503716667 -0.526498838928284
0 0.93003022106442 0.0469879824676053 1.1058051159151 0 0 0 -0.290694667460395 0 -0.218452136218993 0.0063621689669742 -0.303252502603661 -0.295441323286831 0 0 0 -0.603690015620615 0 -0.699524038848284 -0.203754908590149 -0.278328152809007 0 0 0 0 0 0 0 0 0 0 0 0 0 0 -1.21101970561111 0.221624093550232 -1.86494885474793 1.87552015480342 0.000758685254330569
-3.06417628564396 1.01166221744886 0 0 -0.574591674330174 -1.46126062599384 -3.30749043199188 0 1.90710712343037 -1.09446626282371 -5.04694177428495 0 0 1.62439364627246 3.03637073129017 2.27992503880529 0.608406022036542 2.42764619638347 -0.85382888786823 1.39264008064152 2.30598238498459 2.0416767638138 0 -0.1914013136134 2.82857269911965 2.16960603848141 0.940534587155291 3.25861433976784 1.08591637212113 -1.25548106609346 -0.28350453778163 -1.83375528496148 -3.42513131114394 2.91417814019604 -2.83435740412025 0 0 3.22639830221912 -1.91533154210415 -1.57089991356918
0.785344107981169 0 0.69744972312056 0 1.02207906255053 1.30265285675211 0.781906780355987 -0.256443476897565 -0.672022946444003 0 1.60478650246583 -1.66718339020591 -1.32232156232528 -1.54415745611602 -0.594852024396636 -0.140516985022146 -0.251485562138298 -0.110308608404972 0 0.204439365407415 0 0.296215088949643 1.03523079384288 0.45823840426848 0.803882360181165 0 0.491934764533418 0 -0.406875647611538 0 -1.23437384124834 -1.10143668065124 -0.970673055778003 0 0.198211653831015 0 0 0.237715648293041 0.128764422934013 0
-0.472236039192811 0 -0.616879027599975 -0.737369130588968 -0.817175698290591 0 0.0599543536413105 1.49437883758275 0.20513494334831 0.275953570289564 0.130697642801682 1.19102411602585 1.60263959265635 -0.375941963233922 0 0 -0.701997679159806 0 0 -1.06291181716577 0 3.35421575975591 2.45177577267569 2.52362624082598 3.30599738834674 -0.170336298032707 -1.67125114635788 3.41468499839136 -0.725551928987585 -2.5537137359646 -2.38010907971396 -1.80736378331668 -3.07950285729033 2.40694025636743 -2.954327429666 2.50748171040162 1.17044347755843 0 0 0
0.246329486560628 0 0 0.789086342588896 0 0 0 -0.0471677502059484 0 0.583060562503223 -0.335689753961223 0 -0.52815937439103 0 0 0 0 0.205595154177131 0.23815209477109 -1.21109699351308 0 0 -0.431856725361641 -1.33777694435263 -1.42232255978337 0 -0.941914963030143 -1.40573637196978 0 -0.581696703839502 1.23133541886952 1.25631481576099 0 0.198419934023764 1.68022688881321 -0.492443343894167 0.186842733646473 0 0 0
-0.272242829544255 -0.173367629779717 0 -0.00492180115284071 -0.798761413628812 -0.186114247604485 -0.386713965235554 -0.647196626940733 0 -0.0151814028558151 -0.274612118973177 0 -0.102417023013519 0.86245805973238 -0.0232936441795635 0 -0.00037607891401077 0.251230238074987 -0.0462389104847356 0.822821434591938 0 -1.11884053583982 -0.76326223670336 -0.570024238559284 -0.847029180960906 -0.491260270922792 0 -0.433956451468115 0 0.283696352037412 1.1111911105817 0.891745667090086 1.51800010794017 -0.438925609900439 0.00299565495047281 -0.149843538372609 0 0 0 0
